Month,Day,Hour,Day of Week,Volume,Occupancy
8.0,19.0,0.0,6.0,-0.9655353306797745,-0.7157566297327349
8.0,19.0,1.0,6.0,-1.1242013677114295,-0.7665594045123848
8.0,19.0,2.0,6.0,-1.1673171386439447,-0.8173621792920346
8.0,19.0,3.0,6.0,-1.2380270029732692,-0.8173621792920346
8.0,19.0,4.0,6.0,-1.3070122364652932,-0.8173621792920346
8.0,19.0,5.0,6.0,-1.2983890822787902,-0.8173621792920346
8.0,19.0,6.0,6.0,-1.09660727431462,-0.7665594045123848
8.0,19.0,7.0,6.0,-0.8430865412314319,-0.664953854953085
8.0,19.0,8.0,6.0,-0.4412475561403923,-0.4786770140943688
8.0,19.0,9.0,6.0,0.1503008210537133,-0.29240017323565265
8.0,19.0,10.0,6.0,0.5107486660495386,-0.10612333237693644
8.0,19.0,11.0,6.0,0.4434880633948152,-0.12305759063681973
8.0,19.0,12.0,6.0,0.6176757779621758,-0.021452041077519992
8.0,19.0,13.0,6.0,0.569386114517759,-0.038386299337403285
8.0,19.0,14.0,6.0,0.5021255118630356,-0.08918907411705315
8.0,19.0,15.0,6.0,0.6711393339184943,0.012416475442246586
8.0,19.0,16.0,6.0,0.4417634325575146,-0.10612333237693644
8.0,19.0,17.0,6.0,0.595255577077268,-0.07225481585716986
8.0,19.0,18.0,6.0,1.0108916088667124,0.1478905415213129
8.0,19.0,19.0,6.0,1.1091955665928466,0.23256183282072937
8.0,19.0,20.0,6.0,0.6607915488946907,0.012416475442246586
8.0,19.0,21.0,6.0,0.1640978677521181,-0.1738603654164696
8.0,19.0,22.0,6.0,-0.4998850046086127,-0.5125455306141354
8.0,19.0,23.0,6.0,-0.739608690993396,-0.6141510801734351
8.0,20.0,0.0,6.0,-0.8706806346282415,-0.664953854953085
8.0,20.0,1.0,6.0,-1.062114657568608,-0.7326908879926182
8.0,20.0,2.0,6.0,-1.0690131809178105,-0.7767199594683147
8.0,20.0,3.0,6.0,-1.2104329095764597,-0.8173621792920346
8.0,20.0,4.0,6.0,-1.3173600214890968,-0.8173621792920346
8.0,20.0,5.0,6.0,-1.3346063298621027,-0.8173621792920346
8.0,20.0,6.0,6.0,-1.2328531104613674,-0.8173621792920346
8.0,20.0,7.0,6.0,-1.027622040822596,-0.7326908879926182
8.0,20.0,8.0,6.0,-0.8620574804417386,-0.6818881132129683
8.0,20.0,9.0,6.0,-0.5119574204697168,-0.546414047133902
8.0,20.0,10.0,6.0,0.10890968095849891,-0.27546591497576933
8.0,20.0,11.0,6.0,0.578009268704262,-0.055320557597286574
8.0,20.0,12.0,6.0,0.62974819382328,-0.038386299337403285
8.0,20.0,13.0,6.0,0.9919206696564058,0.21562757456084608
8.0,20.0,14.0,6.0,0.5590383294939554,-0.07225481585716986
8.0,20.0,15.0,6.0,0.3244885356210738,-0.1907946236763529
8.0,20.0,16.0,6.0,0.19686585366082948,-0.24159739845600275
8.0,20.0,17.0,6.0,0.38140135325199365,-0.13999184889670302
8.0,20.0,18.0,6.0,0.4779806801408272,-0.10612333237693644
8.0,20.0,19.0,6.0,0.4383141708829134,-0.13999184889670302
8.0,20.0,20.0,6.0,-0.24291500985082334,-0.41093998105483565
8.0,20.0,21.0,6.0,-0.46366775702530005,-0.5125455306141354
8.0,20.0,22.0,6.0,-0.8327387562076284,-0.6141510801734351
8.0,20.0,23.0,6.0,-1.1017811668265218,-0.7665594045123848
8.0,21.0,0.0,1.0,-1.196635862878055,-0.8004279210321513
8.0,21.0,1.0,1.0,-1.3052876056279925,-0.8173621792920346
8.0,21.0,2.0,1.0,-1.346678745723207,-0.8173621792920346
8.0,21.0,3.0,1.0,-1.3518526382351088,-0.8173621792920346
8.0,21.0,4.0,1.0,-1.3397802223740045,-0.8173621792920346
8.0,21.0,5.0,1.0,-1.208708278739159,-0.8004279210321513
8.0,21.0,6.0,1.0,-0.6413047332672618,-0.5633483053937853
8.0,21.0,7.0,1.0,1.2006010009697783,0.28336460760037924
8.0,21.0,8.0,1.0,0.30551759641076726,1.4518284275323263
8.0,21.0,9.0,1.0,0.2986190730615649,3.0944514787410053
8.0,21.0,10.0,1.0,0.7108058431764082,-0.038386299337403285
8.0,21.0,11.0,1.0,0.2693003488274547,-0.1738603654164696
8.0,21.0,12.0,1.0,0.43141564753371103,-0.12305759063681973
8.0,21.0,13.0,1.0,0.3900245074384966,-0.13999184889670302
8.0,21.0,14.0,1.0,0.31414075059727026,-0.1907946236763529
8.0,21.0,15.0,1.0,0.2572279329663505,-0.22466314019611947
8.0,21.0,16.0,1.0,0.4124447083234044,-0.13999184889670302
8.0,21.0,17.0,1.0,0.9988191930056082,1.6211710101311592
8.0,21.0,18.0,1.0,0.8763704035572657,0.08015350848177975
8.0,21.0,19.0,1.0,0.3658796757162882,-0.20772888193623618
8.0,21.0,20.0,1.0,-0.2601613182238294,-0.4448084975746022
8.0,21.0,21.0,1.0,-0.5636963455887348,-0.546414047133902
8.0,21.0,22.0,1.0,-0.8361880178822295,-0.664953854953085
8.0,21.0,23.0,1.0,-1.015549624961492,-0.7496251462525014
8.0,22.0,0.0,2.0,-1.2276792179494656,-0.8173621792920346
8.0,22.0,1.0,2.0,-1.2983890822787902,-0.8173621792920346
8.0,22.0,2.0,2.0,-1.3518526382351088,-0.8173621792920346
8.0,22.0,3.0,2.0,-1.3535772690724093,-0.8173621792920346
8.0,22.0,4.0,2.0,-1.3190846523263973,-0.8173621792920346
8.0,22.0,5.0,2.0,-1.1379984144098345,-0.7665594045123848
8.0,22.0,6.0,2.0,-0.4377982944657911,-0.4786770140943688
8.0,22.0,7.0,2.0,0.9763989921207004,0.09708776674166304
8.0,22.0,8.0,2.0,1.2592384494379987,0.8252608719166445
8.0,22.0,9.0,2.0,0.986746777144504,2.4340154066055573
8.0,22.0,10.0,2.0,0.8470516793231555,0.06321925022189646
8.0,22.0,11.0,2.0,0.5210964510733421,-0.07225481585716986
8.0,22.0,12.0,2.0,0.45728511009322,-0.12305759063681973
8.0,22.0,13.0,2.0,0.465908264279723,-0.10612333237693644
8.0,22.0,14.0,2.0,0.74529845992242,-0.1806340687204229
8.0,22.0,15.0,2.0,0.33828558231947864,-0.1738603654164696
8.0,22.0,16.0,2.0,0.4038215541369014,-0.1569261071565863
8.0,22.0,17.0,2.0,0.9970945621683076,1.8582506257695253
8.0,22.0,18.0,2.0,0.8367038942993519,2.095330241407891
8.0,22.0,19.0,2.0,1.2178473093427844,-0.03161259603344999
8.0,22.0,20.0,2.0,-0.0963213886802724,-0.41093998105483565
8.0,22.0,21.0,2.0,-0.593015069822845,-0.5633483053937853
8.0,22.0,22.0,2.0,-0.7689274152275062,-0.6141510801734351
8.0,22.0,23.0,2.0,-0.9965786857511852,-0.7157566297327349
8.0,23.0,0.0,3.0,-1.2138821712510608,-0.8173621792920346
8.0,23.0,1.0,3.0,-1.2707949888819805,-0.8173621792920346
8.0,23.0,2.0,3.0,-1.3225339140009986,-0.8173621792920346
8.0,23.0,3.0,3.0,-1.3501280073978081,-0.8173621792920346
8.0,23.0,4.0,3.0,-1.3259831756755998,-0.8173621792920346
8.0,23.0,5.0,3.0,-1.1000565359892212,-0.7665594045123848
8.0,23.0,6.0,3.0,-0.4240012477673863,-0.4956112723542521
8.0,23.0,7.0,3.0,1.0453842256127244,0.1478905415213129
8.0,23.0,8.0,3.0,0.952254160398492,1.4010256527526763
8.0,23.0,9.0,3.0,1.4368754256799605,2.2138700492270744
8.0,23.0,10.0,3.0,1.081601473196037,0.1817590580410795
8.0,23.0,11.0,3.0,0.62974819382328,-0.055320557597286574
8.0,23.0,12.0,3.0,0.5383427594463481,-0.08918907411705315
8.0,23.0,13.0,3.0,0.6590669180573901,-0.021452041077519992
8.0,23.0,14.0,3.0,0.3693289373908894,-0.1738603654164696
8.0,23.0,15.0,3.0,0.5590383294939554,-0.07225481585716986
8.0,23.0,16.0,3.0,0.569386114517759,-0.07225481585716986
8.0,23.0,17.0,3.0,0.465908264279723,3.467005160458438
8.0,23.0,18.0,3.0,0.21756142370843667,4.296783815192719
8.0,23.0,19.0,3.0,0.840153155973953,0.9607349379957109
8.0,23.0,20.0,3.0,-0.1273647437516832,-0.37707146453506907
8.0,23.0,21.0,3.0,-0.6206091632196546,-0.5633483053937853
8.0,23.0,22.0,3.0,-0.8810284196520451,-0.664953854953085
8.0,23.0,23.0,3.0,-1.0345205641717985,-0.7496251462525014
8.0,24.0,0.0,4.0,-1.2104329095764597,-0.8004279210321513
8.0,24.0,1.0,4.0,-1.3052876056279925,-0.8173621792920346
8.0,24.0,2.0,4.0,-1.329432437350201,-0.8173621792920346
8.0,24.0,3.0,4.0,-1.3449541148859063,-0.8173621792920346
8.0,24.0,4.0,4.0,-1.324258544838299,-0.8173621792920346
8.0,24.0,5.0,4.0,-1.0948826434773196,-0.7665594045123848
8.0,24.0,6.0,4.0,-0.4412475561403923,-0.5125455306141354
8.0,24.0,7.0,4.0,1.0540073797992273,0.16482479978119619
8.0,24.0,8.0,4.0,0.8453270484858548,1.0962090040747772
8.0,24.0,9.0,4.0,1.657628172854437,0.4865757067189787
8.0,24.0,10.0,4.0,1.0281379172397185,0.11402202500154633
8.0,24.0,11.0,4.0,0.6728639647557949,-0.004517782817636703
8.0,24.0,12.0,4.0,0.7177043665256105,0.012416475442246586
8.0,24.0,13.0,4.0,0.7556462449462237,0.08015350848177975
8.0,24.0,14.0,4.0,0.4089954466488032,-0.13999184889670302
8.0,24.0,15.0,4.0,0.5193718202360416,-0.07225481585716986
8.0,24.0,16.0,4.0,0.7177043665256105,-0.021452041077519992
8.0,24.0,17.0,4.0,0.7332260440613159,2.789634830063106
8.0,24.0,18.0,4.0,0.6142265162875745,1.909053400549175
8.0,24.0,19.0,4.0,0.8780950343945663,0.1817590580410795
8.0,24.0,20.0,4.0,0.02440276993076955,-0.32626868975541923
8.0,24.0,21.0,4.0,-0.5516239297276306,-0.546414047133902
8.0,24.0,22.0,4.0,-0.739608690993396,-0.6310853384333185
8.0,24.0,23.0,4.0,-0.9827816390527805,-0.7496251462525014
8.0,25.0,0.0,5.0,-1.1138535826876261,-0.7665594045123848
8.0,25.0,1.0,5.0,-1.260447203858177,-0.8173621792920346
8.0,25.0,2.0,5.0,-1.3052876056279925,-0.8173621792920346
8.0,25.0,3.0,5.0,-1.3190846523263973,-0.8173621792920346
8.0,25.0,4.0,5.0,-1.3277078065129004,-0.8173621792920346
8.0,25.0,5.0,5.0,-1.1431723069217363,-0.7834936627722681
8.0,25.0,6.0,5.0,-0.5119574204697168,-0.5294797888740187
8.0,25.0,7.0,5.0,0.952254160398492,0.09708776674166304
8.0,25.0,8.0,5.0,0.8970659736048728,0.8929979049561777
8.0,25.0,9.0,5.0,0.4935023576765326,1.604236751871276
8.0,25.0,10.0,5.0,0.8901674502556705,0.8083266136567612
8.0,25.0,11.0,5.0,0.5918063154026667,-0.08918907411705315
8.0,25.0,12.0,5.0,0.8367038942993519,0.029350733702129875
8.0,25.0,13.0,5.0,0.8246314784382477,0.029350733702129875
8.0,25.0,14.0,5.0,0.6625161797319913,0.012416475442246586
8.0,25.0,15.0,5.0,0.5400673902836488,0.09708776674166304
8.0,25.0,16.0,5.0,0.552139806144753,-0.07225481585716986
8.0,25.0,17.0,5.0,0.6245743013113781,2.772700571803223
8.0,25.0,18.0,5.0,0.646994502196286,-0.055320557597286574
8.0,25.0,19.0,5.0,0.388299876601196,-0.1738603654164696
8.0,25.0,20.0,5.0,0.08304021839898992,-0.27546591497576933
8.0,25.0,21.0,5.0,-0.3498421217634605,-0.46174275583448554
8.0,25.0,22.0,5.0,-0.6413047332672618,-0.5802825636536686
8.0,25.0,23.0,5.0,-0.7827244619259109,-0.6310853384333185
8.0,26.0,0.0,6.0,-1.0207235174733937,-0.7157566297327349
8.0,26.0,1.0,6.0,-1.156969353620141,-0.8173621792920346
8.0,26.0,2.0,6.0,-1.2276792179494656,-0.8173621792920346
8.0,26.0,3.0,6.0,-1.2845920355803855,-0.8173621792920346
8.0,26.0,4.0,6.0,-1.3259831756755998,-0.8173621792920346
8.0,26.0,5.0,6.0,-1.2983890822787902,-0.8173621792920346
8.0,26.0,6.0,6.0,-1.2207806946002633,-0.8173621792920346
8.0,26.0,7.0,6.0,-1.0828102276162153,-0.7326908879926182
8.0,26.0,8.0,6.0,-0.9465643914694679,-0.6310853384333185
8.0,26.0,9.0,6.0,-0.7378840601560954,-0.5802825636536686
8.0,26.0,10.0,6.0,-0.3394943367396569,-0.4448084975746022
8.0,26.0,11.0,6.0,-0.3239726592039515,-0.4786770140943688
8.0,26.0,12.0,6.0,-0.1463356829619898,-0.37707146453506907
8.0,26.0,13.0,6.0,-0.04458246356125443,-0.32626868975541923
8.0,26.0,14.0,6.0,-0.1135676970532784,-0.1907946236763529
8.0,26.0,15.0,6.0,-0.25326279487462694,-0.29240017323565265
8.0,26.0,16.0,6.0,-0.21532091645401377,-0.42787423931471896
8.0,26.0,17.0,6.0,-0.2774076265968353,-0.3940057227949524
8.0,26.0,18.0,6.0,0.0002579382085611579,-0.24159739845600275
8.0,26.0,19.0,6.0,-0.0997706503548736,-0.3432029480153025
8.0,26.0,20.0,6.0,-0.4464214486522941,-0.3940057227949524
8.0,26.0,21.0,6.0,-0.8413619103941313,-0.6141510801734351
8.0,26.0,22.0,6.0,-0.9551875456559709,-0.6818881132129683
8.0,26.0,23.0,6.0,-1.09660727431462,-0.7665594045123848
8.0,27.0,0.0,6.0,-1.0552161342194057,-0.6818881132129683
8.0,27.0,1.0,6.0,-1.050042241707504,-0.7157566297327349
8.0,27.0,2.0,6.0,-1.320809283163698,-0.8173621792920346
8.0,27.0,3.0,6.0,-1.3104614981398943,-0.8173621792920346
8.0,27.0,4.0,6.0,-1.3346063298621027,-0.8173621792920346
8.0,27.0,5.0,6.0,-1.3346063298621027,-0.8173621792920346
8.0,27.0,6.0,6.0,-1.3328816990248022,-0.8173621792920346
8.0,27.0,7.0,6.0,-1.2190560637629626,-0.8173621792920346
8.0,27.0,8.0,6.0,-1.1586939844574415,-0.8004279210321513
8.0,27.0,9.0,6.0,-0.9931294240765841,-0.7157566297327349
8.0,27.0,10.0,6.0,-0.6895943967116785,-0.6141510801734351
8.0,27.0,11.0,6.0,-0.4550446028387971,-0.4956112723542521
8.0,27.0,12.0,6.0,-0.3308711825531539,-0.4448084975746022
8.0,27.0,13.0,6.0,-0.26705984157303175,-0.42787423931471896
8.0,27.0,14.0,6.0,-0.2894800424579395,-0.4448084975746022
8.0,27.0,15.0,6.0,-0.32224802836665095,-0.4448084975746022
8.0,27.0,16.0,6.0,-0.3360450750650557,-0.46174275583448554
8.0,27.0,17.0,6.0,-0.3532913834380617,-0.46174275583448554
8.0,27.0,18.0,6.0,-0.3498421217634605,-0.42787423931471896
8.0,27.0,19.0,6.0,-0.4567692336760977,-0.4956112723542521
8.0,27.0,20.0,6.0,-0.756854999366402,-0.5972168219135519
8.0,27.0,21.0,6.0,-0.9931294240765841,-0.7157566297327349
8.0,27.0,22.0,6.0,-1.015549624961492,-0.7326908879926182
8.0,27.0,23.0,6.0,-1.0948826434773196,-0.7834936627722681
8.0,28.0,0.0,1.0,-1.2483747879970728,-0.8173621792920346
8.0,28.0,1.0,1.0,-1.2983890822787902,-0.8173621792920346
8.0,28.0,2.0,1.0,-1.3501280073978081,-0.8173621792920346
8.0,28.0,3.0,1.0,-1.3570265307470106,-0.8173621792920346
8.0,28.0,4.0,1.0,-1.3484033765605075,-0.8173621792920346
8.0,28.0,5.0,1.0,-1.2466501571597721,-0.8173621792920346
8.0,28.0,6.0,1.0,-0.9103471438861553,-0.6818881132129683
8.0,28.0,7.0,1.0,0.10546041928389772,-0.24159739845600275
8.0,28.0,8.0,1.0,1.107470935755546,0.21562757456084608
8.0,28.0,9.0,1.0,1.3575424071641329,0.3341673823800291
8.0,28.0,10.0,1.0,1.7076424671361545,0.4865757067189787
8.0,28.0,11.0,1.0,0.9557034220730932,0.09708776674166304
8.0,28.0,12.0,1.0,0.327937797295675,-0.1907946236763529
8.0,28.0,13.0,1.0,0.440038801720214,-0.13999184889670302
8.0,28.0,14.0,1.0,0.2020397461727313,-0.25853165671588607
8.0,28.0,15.0,1.0,0.1899673303116271,-0.24159739845600275
8.0,28.0,16.0,1.0,0.39347376911309784,-0.13999184889670302
8.0,28.0,17.0,1.0,0.8798196652318668,0.6051155145381617
8.0,28.0,18.0,1.0,0.7659940299700273,0.04628499196201317
8.0,28.0,19.0,1.0,0.4676328951170236,-0.13999184889670302
8.0,28.0,20.0,1.0,-0.1273647437516832,-0.3940057227949524
8.0,28.0,21.0,1.0,-0.6464786257791636,-0.5802825636536686
8.0,28.0,22.0,1.0,-0.791347616112414,-0.664953854953085
8.0,28.0,23.0,1.0,-1.0672885500805098,-0.7496251462525014
8.0,29.0,0.0,2.0,-1.2380270029732692,-0.8173621792920346
8.0,29.0,1.0,2.0,-1.3018383439533914,-0.8173621792920346
8.0,29.0,2.0,2.0,-1.3415048532113052,-0.8173621792920346
8.0,29.0,3.0,2.0,-1.346678745723207,-0.8173621792920346
8.0,29.0,4.0,2.0,-1.3363309606994034,-0.8173621792920346
8.0,29.0,5.0,2.0,-1.2225053254375637,-0.8173621792920346
8.0,29.0,6.0,2.0,-0.6499278874537648,-0.5972168219135519
8.0,29.0,7.0,2.0,0.6090526237756727,-0.055320557597286574
8.0,29.0,8.0,2.0,1.5179330750330886,0.46964144845909545
8.0,29.0,9.0,2.0,0.9108630203032776,1.790513592729992
8.0,29.0,10.0,2.0,1.3540931454895317,0.6559182893178116
8.0,29.0,11.0,2.0,0.6590669180573901,-0.004517782817636703
8.0,29.0,12.0,2.0,0.7125304740137087,-0.038386299337403285
8.0,29.0,13.0,2.0,0.5728353761923601,-0.038386299337403285
8.0,29.0,14.0,2.0,0.27964813385125825,-0.22466314019611947
8.0,29.0,15.0,2.0,0.43141564753371103,-0.12305759063681973
8.0,29.0,16.0,2.0,0.4797053109781278,-0.10612333237693644
8.0,29.0,17.0,2.0,0.9125876511405783,0.16482479978119619
8.0,29.0,18.0,2.0,0.7763418149938309,0.9268664214759442
8.0,29.0,19.0,2.0,0.6745885955930955,0.012416475442246586
8.0,29.0,20.0,2.0,0.18824269947432648,-0.25853165671588607
8.0,29.0,21.0,2.0,-0.5326529905173241,-0.5294797888740187
8.0,29.0,22.0,2.0,-0.7637535227156044,-0.6141510801734351
8.0,29.0,23.0,2.0,-0.9327673447710632,-0.7157566297327349
8.0,30.0,0.0,3.0,-1.1328245218979327,-0.8004279210321513
8.0,30.0,1.0,3.0,-1.2621718346954776,-0.8173621792920346
8.0,30.0,2.0,3.0,-1.3311570681875016,-0.8173621792920346
8.0,30.0,3.0,3.0,-1.3432294840486059,-0.8173621792920346
8.0,30.0,4.0,3.0,-1.329432437350201,-0.8173621792920346
8.0,30.0,5.0,3.0,-1.2190560637629626,-0.8004279210321513
8.0,30.0,6.0,3.0,-0.6309569482434583,-0.546414047133902
8.0,30.0,7.0,3.0,0.7625447682954261,0.04628499196201317
8.0,30.0,8.0,3.0,1.1229926132912513,0.45270719019921213
8.0,30.0,9.0,3.0,0.9212108053270812,1.26555158667361
8.0,30.0,10.0,3.0,1.248890664414195,0.23256183282072937
8.0,30.0,11.0,3.0,0.7073565815018069,-0.055320557597286574
8.0,30.0,12.0,3.0,0.7815157075057326,0.04628499196201317
8.0,30.0,13.0,3.0,0.8073851700652417,0.06321925022189646
8.0,30.0,14.0,3.0,0.6245743013113781,-0.004517782817636703
8.0,30.0,15.0,3.0,0.4935023576765326,-0.10612333237693644
8.0,30.0,16.0,3.0,0.6228496704740776,-0.055320557597286574
8.0,30.0,17.0,3.0,1.021239393890516,0.45270719019921213
8.0,30.0,18.0,3.0,0.8884428194183699,1.0454062292951274
8.0,30.0,19.0,3.0,0.7073565815018069,0.029350733702129875
8.0,30.0,20.0,3.0,0.31241611975996963,-0.13999184889670302
8.0,30.0,21.0,3.0,-0.6344062099180594,-0.5633483053937853
8.0,30.0,22.0,3.0,-0.8724052654655421,-0.6988223714728516
8.0,30.0,23.0,3.0,-1.0293466716598967,-0.7665594045123848
8.0,31.0,0.0,4.0,-1.2207806946002633,-0.8004279210321513
8.0,31.0,1.0,4.0,-1.2914905589295878,-0.8173621792920346
8.0,31.0,2.0,4.0,-1.3277078065129004,-0.8173621792920346
8.0,31.0,3.0,4.0,-1.3570265307470106,-0.8173621792920346
8.0,31.0,4.0,4.0,-1.3328816990248022,-0.8173621792920346
8.0,31.0,5.0,4.0,-1.2138821712510608,-0.8173621792920346
8.0,31.0,6.0,4.0,-0.575768761449839,-0.546414047133902
8.0,31.0,7.0,4.0,0.7108058431764082,-0.004517782817636703
8.0,31.0,8.0,4.0,1.0884999965452393,0.4865757067189787
8.0,31.0,9.0,4.0,1.0195147630532153,1.5703682353515094
8.0,31.0,10.0,4.0,1.2264704635292873,0.28336460760037924
8.0,31.0,11.0,4.0,0.7521969832716225,0.012416475442246586
8.0,31.0,12.0,4.0,0.8763704035572657,0.06321925022189646
8.0,31.0,13.0,4.0,0.7832403383430333,0.04628499196201317
8.0,31.0,14.0,4.0,0.6952841656407027,0.029350733702129875
8.0,31.0,15.0,4.0,0.5935309462399674,-0.055320557597286574
8.0,31.0,16.0,4.0,0.7073565815018069,0.012416475442246586
8.0,31.0,17.0,4.0,0.6194004087994763,0.46964144845909545
8.0,31.0,18.0,4.0,0.6780378572676967,0.029350733702129875
8.0,31.0,19.0,4.0,1.0833261040333375,0.21562757456084608
8.0,31.0,20.0,4.0,0.5262703435852439,-0.10612333237693644
8.0,31.0,21.0,4.0,-0.6568264108029672,-0.5972168219135519
8.0,31.0,22.0,4.0,-0.8586082187671373,-0.6818881132129683
8.0,31.0,23.0,4.0,-1.0552161342194057,-0.7326908879926182
9.0,1.0,0.0,5.0,-1.1517954611082393,-0.7834936627722681
9.0,1.0,1.0,5.0,-1.2759688813938823,-0.8173621792920346
9.0,1.0,2.0,5.0,-1.320809283163698,-0.8173621792920346
9.0,1.0,3.0,5.0,-1.3328816990248022,-0.8173621792920346
9.0,1.0,4.0,5.0,-1.3432294840486059,-0.8173621792920346
9.0,1.0,5.0,5.0,-1.2914905589295878,-0.8173621792920346
9.0,1.0,6.0,5.0,-0.7189131209457887,-0.6141510801734351
9.0,1.0,7.0,5.0,0.517647189398741,-0.07225481585716986
9.0,1.0,8.0,5.0,1.3816872388863413,0.4019044154195623
9.0,1.0,9.0,5.0,1.4351507948426598,1.079274745814894
9.0,1.0,10.0,5.0,1.0505581181246262,0.1309562832614296
9.0,1.0,11.0,5.0,0.5642122220058572,-0.07225481585716986
9.0,1.0,12.0,5.0,0.7780664458311315,0.06321925022189646
9.0,1.0,13.0,5.0,0.7539216141089231,0.012416475442246586
9.0,1.0,14.0,5.0,0.7901388616922357,0.04628499196201317
9.0,1.0,15.0,5.0,0.7332260440613159,-0.004517782817636703
9.0,1.0,16.0,5.0,0.6797624881049973,-0.004517782817636703
9.0,1.0,17.0,5.0,0.9729497304460992,0.24949609108061266
9.0,1.0,18.0,5.0,0.8936167119302716,0.11402202500154633
9.0,1.0,19.0,5.0,0.8453270484858548,0.08015350848177975
9.0,1.0,20.0,5.0,0.4969516193511338,-0.12305759063681973
9.0,1.0,21.0,5.0,-0.00664058514064124,-0.3093344314955359
9.0,1.0,22.0,5.0,-0.38433473850947253,-0.46174275583448554
9.0,1.0,23.0,5.0,-0.47229091121180306,-0.5294797888740187
9.0,2.0,0.0,6.0,-0.7792752002513098,-0.6310853384333185
9.0,2.0,1.0,6.0,-1.053491503382105,-0.7834936627722681
9.0,2.0,2.0,6.0,-1.1793895545050488,-0.8004279210321513
9.0,2.0,3.0,6.0,-1.2225053254375637,-0.8173621792920346
9.0,2.0,4.0,6.0,-1.2932151897668884,-0.8173621792920346
9.0,2.0,5.0,6.0,-1.3070122364652932,-0.8173621792920346
9.0,2.0,6.0,6.0,-1.087984120128117,-0.7665594045123848
9.0,2.0,7.0,6.0,-0.8534343262552355,-0.6818881132129683
9.0,2.0,8.0,6.0,-0.7309855368068929,-0.5972168219135519
9.0,2.0,9.0,6.0,-0.06355340277156102,-0.3601372062751858
9.0,2.0,10.0,6.0,0.3831259840892942,-0.13999184889670302
9.0,2.0,11.0,6.0,0.4245171241845086,-0.13999184889670302
9.0,2.0,12.0,6.0,0.4624590026051218,-0.13999184889670302
9.0,2.0,13.0,6.0,0.4883284651646308,-0.10612333237693644
9.0,2.0,14.0,6.0,0.4762560493035266,-0.10612333237693644
9.0,2.0,15.0,6.0,0.345184105668681,-0.1738603654164696
9.0,2.0,16.0,6.0,0.7677186608073279,0.012416475442246586
9.0,2.0,17.0,6.0,0.7228782590375123,0.012416475442246586
9.0,2.0,18.0,6.0,0.6159511471248751,-0.07225481585716986
9.0,2.0,19.0,6.0,0.7677186608073279,0.029350733702129875
9.0,2.0,20.0,6.0,0.6090526237756727,-0.038386299337403285
9.0,2.0,21.0,6.0,-0.0963213886802724,-0.3432029480153025
9.0,2.0,22.0,6.0,-0.25671205654922813,-0.41093998105483565
9.0,2.0,23.0,6.0,-0.4498707103268953,-0.5125455306141354
9.0,3.0,0.0,6.0,-0.7999707702989169,-0.6480195966932017
9.0,3.0,1.0,6.0,-1.0345205641717985,-0.7496251462525014
9.0,3.0,2.0,6.0,-1.0983319051519207,-0.803814772684128
9.0,3.0,3.0,6.0,-1.2242299562748644,-0.8004279210321513
9.0,3.0,4.0,6.0,-1.3139107598144957,-0.8173621792920346
9.0,3.0,5.0,6.0,-1.329432437350201,-0.8173621792920346
9.0,3.0,6.0,6.0,-1.26907035804468,-0.8173621792920346
9.0,3.0,7.0,6.0,-1.0931580126400189,-0.7834936627722681
9.0,3.0,8.0,6.0,-0.9051732513742535,-0.6818881132129683
9.0,3.0,9.0,6.0,-0.4481460794895947,-0.5125455306141354
9.0,3.0,10.0,6.0,0.1813441761251241,-0.25853165671588607
9.0,3.0,11.0,6.0,0.483154572652729,-0.12305759063681973
9.0,3.0,12.0,6.0,0.6659654414065925,0.012416475442246586
9.0,3.0,13.0,6.0,0.8487763101604561,0.1478905415213129
9.0,3.0,14.0,6.0,0.5659368528431578,-0.10612333237693644
9.0,3.0,15.0,6.0,0.6090526237756727,-0.07225481585716986
9.0,3.0,16.0,6.0,0.45728511009322,-0.1569261071565863
9.0,3.0,17.0,6.0,0.4538358484186188,-0.12305759063681973
9.0,3.0,18.0,6.0,0.6331974554978811,-0.07225481585716986
9.0,3.0,19.0,6.0,0.7332260440613159,0.012416475442246586
9.0,3.0,20.0,6.0,0.060620017514082136,-0.3093344314955359
9.0,3.0,21.0,6.0,-0.1515095754738916,-0.3601372062751858
9.0,3.0,22.0,6.0,-0.5602470839141337,-0.5633483053937853
9.0,3.0,23.0,6.0,-0.7672027843902056,-0.6310853384333185
9.0,4.0,0.0,1.0,-1.0258974099852955,-0.7326908879926182
9.0,4.0,1.0,1.0,-1.1483461994336381,-0.7834936627722681
9.0,4.0,2.0,1.0,-1.2414762646478703,-0.8173621792920346
9.0,4.0,3.0,1.0,-1.303562974790692,-0.8173621792920346
9.0,4.0,4.0,1.0,-1.3397802223740045,-0.8173621792920346
9.0,4.0,5.0,1.0,-1.3225339140009986,-0.8173621792920346
9.0,4.0,6.0,1.0,-1.2190560637629626,-0.8004279210321513
9.0,4.0,7.0,1.0,-0.9517382839813697,-0.7157566297327349
9.0,4.0,8.0,1.0,-0.7085653359219852,-0.6141510801734351
9.0,4.0,9.0,1.0,-0.3895086310213743,-0.5125455306141354
9.0,4.0,10.0,1.0,-0.1515095754738916,-0.37707146453506907
9.0,4.0,11.0,1.0,0.1951412228235289,-0.22466314019611947
9.0,4.0,12.0,1.0,0.4434880633948152,-0.13999184889670302
9.0,4.0,13.0,1.0,0.28309739552585944,-0.20772888193623618
9.0,4.0,14.0,1.0,0.35898115236708583,-0.1569261071565863
9.0,4.0,15.0,1.0,0.23998162459334446,-0.22466314019611947
9.0,4.0,16.0,1.0,0.2779235030139577,-0.24159739845600275
9.0,4.0,17.0,1.0,0.12443135849420431,-0.25853165671588607
9.0,4.0,18.0,1.0,0.08993874174819233,-0.29240017323565265
9.0,4.0,19.0,1.0,0.2693003488274547,-0.20772888193623618
9.0,4.0,20.0,1.0,-0.27050910324763294,-0.42787423931471896
9.0,4.0,21.0,1.0,-0.6551017799656667,-0.5972168219135519
9.0,4.0,22.0,1.0,-0.9586368073305721,-0.6988223714728516
9.0,4.0,23.0,1.0,-1.0914333818027182,-0.7326908879926182
9.0,5.0,0.0,2.0,-1.2294038487867662,-0.8173621792920346
9.0,5.0,1.0,2.0,-1.3328816990248022,-0.8173621792920346
9.0,5.0,2.0,2.0,-1.358751161584311,-0.8173621792920346
9.0,5.0,3.0,2.0,-1.363925054096213,-0.8173621792920346
9.0,5.0,4.0,2.0,-1.338055591536704,-0.8173621792920346
9.0,5.0,5.0,2.0,-1.1017811668265218,-0.7665594045123848
9.0,5.0,6.0,2.0,-0.3791608459975707,-0.46174275583448554
9.0,5.0,7.0,2.0,0.9125876511405783,0.1309562832614296
9.0,5.0,8.0,2.0,1.2989049586959125,1.147011778854427
9.0,5.0,9.0,2.0,0.978123622958001,1.6889080431706922
9.0,5.0,10.0,2.0,0.935007852025486,0.08015350848177975
9.0,5.0,11.0,2.0,0.5435166519582499,-0.08918907411705315
9.0,5.0,12.0,2.0,0.4193432316726068,-0.12305759063681973
9.0,5.0,13.0,2.0,0.5107486660495386,-0.10612333237693644
9.0,5.0,14.0,2.0,0.32276390478377326,-0.1907946236763529
9.0,5.0,15.0,2.0,0.30896685808536845,-0.1907946236763529
9.0,5.0,16.0,2.0,0.4434880633948152,-0.12305759063681973
9.0,5.0,17.0,2.0,0.8660226185334621,0.24949609108061266
9.0,5.0,18.0,2.0,0.840153155973953,0.06321925022189646
9.0,5.0,19.0,2.0,0.5021255118630356,-0.12305759063681973
9.0,5.0,20.0,2.0,-0.22049480896591556,-0.41093998105483565
9.0,5.0,21.0,2.0,-0.8948254663504499,-0.6818881132129683
9.0,5.0,22.0,2.0,-1.1086796901757243,-0.7665594045123848
9.0,5.0,23.0,2.0,-1.1776649236677483,-0.8004279210321513
9.0,6.0,0.0,3.0,-1.2932151897668884,-0.8173621792920346
9.0,6.0,1.0,3.0,-1.3346063298621027,-0.8173621792920346
9.0,6.0,2.0,3.0,-1.363925054096213,-0.8173621792920346
9.0,6.0,3.0,3.0,-1.3656496849335136,-0.8173621792920346
9.0,6.0,4.0,3.0,-1.3415048532113052,-0.8173621792920346
9.0,6.0,5.0,3.0,-1.09660727431462,-0.7665594045123848
9.0,6.0,6.0,3.0,-0.3774362151602701,-0.46174275583448554
9.0,6.0,7.0,3.0,1.009166978029412,0.1309562832614296
9.0,6.0,8.0,3.0,1.2782093886483052,0.7236553223573448
9.0,6.0,9.0,3.0,1.326499052092722,0.5881812562782784
9.0,6.0,10.0,3.0,1.1298911366404538,0.1986933163009628
9.0,6.0,11.0,3.0,0.4348649092083122,-0.12305759063681973
9.0,6.0,12.0,3.0,0.5245457127479434,-0.08918907411705315
9.0,6.0,13.0,3.0,0.7004580581526045,-0.021452041077519992
9.0,6.0,14.0,3.0,0.3917491382757972,-0.1569261071565863
9.0,6.0,15.0,3.0,0.40554618497420203,-0.1738603654164696
9.0,6.0,16.0,3.0,0.6176757779621758,-0.038386299337403285
9.0,6.0,17.0,3.0,1.0057177163548106,0.7744580971369946
9.0,6.0,18.0,3.0,0.5711107453550596,0.06321925022189646
9.0,6.0,19.0,3.0,0.6211250396367769,-0.055320557597286574
9.0,6.0,20.0,3.0,-0.05665487942235862,-0.3432029480153025
9.0,6.0,21.0,3.0,-0.4171027244181839,-0.4448084975746022
9.0,6.0,22.0,3.0,-0.9724338540289769,-0.7496251462525014
9.0,6.0,23.0,3.0,-1.1173028443622273,-0.7496251462525014
9.0,7.0,0.0,4.0,-1.2363023721359685,-0.8173621792920346
9.0,7.0,1.0,4.0,-1.3190846523263973,-0.8173621792920346
9.0,7.0,2.0,4.0,-1.3449541148859063,-0.8173621792920346
9.0,7.0,3.0,4.0,-1.3432294840486059,-0.8173621792920346
9.0,7.0,4.0,4.0,-1.3363309606994034,-0.8173621792920346
9.0,7.0,5.0,4.0,-1.1035057976638225,-0.7665594045123848
9.0,7.0,6.0,4.0,-0.4498707103268953,-0.4956112723542521
9.0,7.0,7.0,4.0,1.0384857022635219,0.1478905415213129
9.0,7.0,8.0,4.0,1.1971517392951772,0.9607349379957109
9.0,7.0,9.0,4.0,1.2264704635292873,0.9268664214759442
9.0,7.0,10.0,4.0,1.2575138186006982,0.3172331241201458
9.0,7.0,11.0,4.0,0.7177043665256105,0.012416475442246586
9.0,7.0,12.0,4.0,0.7177043665256105,-0.038386299337403285
9.0,7.0,13.0,4.0,0.7642693991327267,0.029350733702129875
9.0,7.0,14.0,4.0,0.4762560493035266,-0.13999184889670302
9.0,7.0,15.0,4.0,0.4521112175813182,-0.12305759063681973
9.0,7.0,16.0,4.0,0.6245743013113781,-0.038386299337403285
9.0,7.0,17.0,4.0,0.8315300017874501,0.9607349379957109
9.0,7.0,18.0,4.0,0.7694432916446284,0.38497015715967897
9.0,7.0,19.0,4.0,0.9056891277913759,0.09708776674166304
9.0,7.0,20.0,4.0,0.1365037743553085,-0.24159739845600275
9.0,7.0,21.0,4.0,-0.7465072143425984,-0.6141510801734351
9.0,7.0,22.0,4.0,-0.9137964055607565,-0.6988223714728516
9.0,7.0,23.0,4.0,-1.0897087509654177,-0.7665594045123848
9.0,8.0,0.0,5.0,-1.208708278739159,-0.8004279210321513
9.0,8.0,1.0,5.0,-1.3328816990248022,-0.8173621792920346
9.0,8.0,2.0,5.0,-1.3501280073978081,-0.8173621792920346
9.0,8.0,3.0,5.0,-1.3501280073978081,-0.8173621792920346
9.0,8.0,4.0,5.0,-1.3363309606994034,-0.8173621792920346
9.0,8.0,5.0,5.0,-1.1586939844574415,-0.7834936627722681
9.0,8.0,6.0,5.0,-0.5016096354459133,-0.5294797888740187
9.0,8.0,7.0,5.0,0.9677758379341974,0.11402202500154633
9.0,8.0,8.0,5.0,1.5489764301044995,0.43577293193932887
9.0,8.0,9.0,5.0,0.4434880633948152,0.5825365035249841
9.0,8.0,10.0,5.0,1.2316443560411892,0.21562757456084608
9.0,8.0,11.0,5.0,0.7246028898748129,0.012416475442246586
9.0,8.0,12.0,5.0,0.681487118942298,-0.004517782817636703
9.0,8.0,13.0,5.0,0.8194575859263459,0.029350733702129875
9.0,8.0,14.0,5.0,0.6866610114541997,-0.021452041077519992
9.0,8.0,15.0,5.0,0.6918349039661015,-0.004517782817636703
9.0,8.0,16.0,5.0,0.8039359083906404,0.029350733702129875
9.0,8.0,17.0,5.0,0.5935309462399674,1.0115377127753606
9.0,8.0,18.0,5.0,0.6952841656407027,1.9259876588090583
9.0,8.0,19.0,5.0,1.167833015061067,0.8083266136567612
9.0,8.0,20.0,5.0,0.7401245674105182,0.06321925022189646
9.0,8.0,21.0,5.0,0.09166337258549292,-0.25853165671588607
9.0,8.0,22.0,5.0,-0.3688130609737671,-0.4786770140943688
9.0,8.0,23.0,5.0,-0.6464786257791636,-0.5633483053937853
9.0,9.0,0.0,6.0,-0.8534343262552355,-0.6818881132129683
9.0,9.0,1.0,6.0,-1.084534858453516,-0.7496251462525014
9.0,9.0,2.0,6.0,-1.162143246132043,-0.8004279210321513
9.0,9.0,3.0,6.0,-1.1983604937153554,-0.8004279210321513
9.0,9.0,4.0,6.0,-1.3104614981398943,-0.8173621792920346
9.0,9.0,5.0,6.0,-1.2880412972549866,-0.8173621792920346
9.0,9.0,6.0,6.0,-1.105230428501123,-0.7834936627722681
9.0,9.0,7.0,6.0,-0.9051732513742535,-0.6988223714728516
9.0,9.0,8.0,6.0,-0.6723480883386727,-0.6141510801734351
9.0,9.0,9.0,6.0,-0.0859736036564688,-0.3601372062751858
9.0,9.0,10.0,6.0,0.1916919611489277,-0.27546591497576933
9.0,9.0,11.0,6.0,0.4383141708829134,-0.13999184889670302
9.0,9.0,12.0,6.0,0.7504723524343219,-0.004517782817636703
9.0,9.0,13.0,6.0,0.7108058431764082,-0.021452041077519992
9.0,9.0,14.0,6.0,0.6556176563827889,-0.021452041077519992
9.0,9.0,15.0,6.0,0.6418206096843841,-0.07225481585716986
9.0,9.0,16.0,6.0,0.3572565215297852,-0.1738603654164696
9.0,9.0,17.0,6.0,0.4521112175813182,-0.12305759063681973
9.0,9.0,18.0,6.0,0.926384697838983,0.09708776674166304
9.0,9.0,19.0,6.0,1.1178187207793495,0.1986933163009628
9.0,9.0,20.0,6.0,0.7366753057359171,0.04628499196201317
9.0,9.0,21.0,6.0,-0.25843668738652875,-0.41093998105483565
9.0,9.0,22.0,6.0,-0.43952292530309167,-0.4786770140943688
9.0,9.0,23.0,6.0,-0.6757973500132738,-0.5972168219135519
9.0,10.0,0.0,6.0,-0.8568835879298368,-0.6818881132129683
9.0,10.0,1.0,6.0,-1.087984120128117,-0.7834936627722681
9.0,10.0,2.0,6.0,-1.1793895545050488,-0.8173621792920346
9.0,10.0,3.0,6.0,-1.2035343862272572,-0.8173621792920346
9.0,10.0,4.0,6.0,-1.3190846523263973,-0.8173621792920346
9.0,10.0,5.0,6.0,-1.3070122364652932,-0.8173621792920346
9.0,10.0,6.0,6.0,-1.2932151897668884,-0.8173621792920346
9.0,10.0,7.0,6.0,-1.0655639192432094,-0.7326908879926182
9.0,10.0,8.0,6.0,-0.8275648636957266,-0.664953854953085
9.0,10.0,9.0,6.0,-0.5774933922871396,-0.5633483053937853
9.0,10.0,10.0,6.0,-0.123915482077082,-0.3940057227949524
9.0,10.0,11.0,6.0,0.6211250396367769,-0.055320557597286574
9.0,10.0,12.0,6.0,0.5935309462399674,0.012416475442246586
9.0,10.0,13.0,6.0,0.9746743612833998,0.9438006797358276
9.0,10.0,14.0,6.0,0.5331688669344463,-0.10612333237693644
9.0,10.0,15.0,6.0,0.28482202636316006,-0.1907946236763529
9.0,10.0,16.0,6.0,0.4883284651646308,-0.10612333237693644
9.0,10.0,17.0,6.0,0.28654665720046063,-0.22466314019611947
9.0,10.0,18.0,6.0,0.27447424133935644,-0.22466314019611947
9.0,10.0,19.0,6.0,0.2020397461727313,-0.24159739845600275
9.0,10.0,20.0,6.0,-0.18772682305720417,-0.3940057227949524
9.0,10.0,21.0,6.0,-0.48608795791020787,-0.4956112723542521
9.0,10.0,22.0,6.0,-0.9500136531440692,-0.6988223714728516
9.0,10.0,23.0,6.0,-1.0241727791479949,-0.7157566297327349
9.0,11.0,0.0,1.0,-1.1983604937153554,-0.8004279210321513
9.0,11.0,1.0,1.0,-1.303562974790692,-0.8173621792920346
9.0,11.0,2.0,1.0,-1.3518526382351088,-0.8173621792920346
9.0,11.0,3.0,1.0,-1.3415048532113052,-0.8173621792920346
9.0,11.0,4.0,1.0,-1.3432294840486059,-0.8173621792920346
9.0,11.0,5.0,1.0,-1.2587225730208764,-0.8173621792920346
9.0,11.0,6.0,1.0,-0.6671741958267708,-0.5972168219135519
9.0,11.0,7.0,1.0,0.8194575859263459,0.06321925022189646
9.0,11.0,8.0,1.0,0.7263275207121135,0.7236553223573448
9.0,11.0,9.0,1.0,0.6021541004264703,2.2816070822666075
9.0,11.0,10.0,1.0,1.1902532159459747,0.38497015715967897
9.0,11.0,11.0,1.0,0.4624590026051218,-0.10612333237693644
9.0,11.0,12.0,1.0,0.46073437176782117,-0.08918907411705315
9.0,11.0,13.0,1.0,0.4883284651646308,-0.12305759063681973
9.0,11.0,14.0,1.0,0.32621316645837445,-0.1569261071565863
9.0,11.0,15.0,1.0,0.4124447083234044,-0.13999184889670302
9.0,11.0,16.0,1.0,0.440038801720214,-0.10612333237693644
9.0,11.0,17.0,1.0,0.909138389465977,0.3341673823800291
9.0,11.0,18.0,1.0,0.6745885955930955,-0.004517782817636703
9.0,11.0,19.0,1.0,0.4434880633948152,-0.12305759063681973
9.0,11.0,20.0,1.0,-0.1359878979381862,-0.3940057227949524
9.0,11.0,21.0,1.0,-0.5654209764260354,-0.5633483053937853
9.0,11.0,22.0,1.0,-0.80859392448542,-0.6818881132129683
9.0,11.0,23.0,1.0,-1.062114657568608,-0.7665594045123848
9.0,12.0,0.0,2.0,-1.234577741298668,-0.8173621792920346
9.0,12.0,1.0,2.0,-1.3139107598144957,-0.8173621792920346
9.0,12.0,2.0,2.0,-1.363925054096213,-0.8173621792920346
9.0,12.0,3.0,2.0,-1.35530189990971,-0.8173621792920346
9.0,12.0,4.0,2.0,-1.3604757924216118,-0.8173621792920346
9.0,12.0,5.0,2.0,-1.208708278739159,-0.8004279210321513
9.0,12.0,6.0,2.0,-0.6068121165212498,-0.5633483053937853
9.0,12.0,7.0,2.0,0.7970373850414381,0.029350733702129875
9.0,12.0,8.0,2.0,1.081601473196037,0.46964144845909545
9.0,12.0,9.0,2.0,1.3247744212554216,1.4856969440520928
9.0,12.0,10.0,2.0,1.6610774345290384,0.1851459096930562
9.0,12.0,11.0,2.0,0.5573136986566548,-0.07225481585716986
9.0,12.0,12.0,2.0,0.5469659136328512,-0.08918907411705315
9.0,12.0,13.0,2.0,0.48142994181542836,-0.12305759063681973
9.0,12.0,14.0,2.0,0.31069148892266907,-0.22466314019611947
9.0,12.0,15.0,2.0,0.46073437176782117,-0.13999184889670302
9.0,12.0,16.0,2.0,0.5814585303788632,-0.038386299337403285
9.0,12.0,17.0,2.0,0.9074137586286765,1.9429219170689416
9.0,12.0,18.0,2.0,0.6797624881049973,2.3493441153061405
9.0,12.0,19.0,2.0,0.6142265162875745,1.434894169272443
9.0,12.0,20.0,2.0,0.08993874174819233,-0.27546591497576933
9.0,12.0,21.0,2.0,-0.7499564760171996,-0.6141510801734351
9.0,12.0,22.0,2.0,-0.9655353306797745,-0.7326908879926182
9.0,12.0,23.0,2.0,-1.0638392884059087,-0.7665594045123848
9.0,13.0,0.0,3.0,-1.2656210963700787,-0.8173621792920346
9.0,13.0,1.0,3.0,-1.303562974790692,-0.8173621792920346
9.0,13.0,2.0,3.0,-1.3518526382351088,-0.8173621792920346
9.0,13.0,3.0,3.0,-1.358751161584311,-0.8173621792920346
9.0,13.0,4.0,3.0,-1.3311570681875016,-0.8173621792920346
9.0,13.0,5.0,3.0,-1.062114657568608,-0.7496251462525014
9.0,13.0,6.0,3.0,-0.3567406451126629,-0.4448084975746022
9.0,13.0,7.0,3.0,1.0333118097516203,0.1478905415213129
9.0,13.0,8.0,3.0,1.202325631807079,0.4865757067189787
9.0,13.0,9.0,3.0,1.7214395138345593,0.6559182893178116
9.0,13.0,10.0,3.0,1.1298911366404538,0.21562757456084608
9.0,13.0,11.0,3.0,0.6487191330335865,-0.021452041077519992
9.0,13.0,12.0,3.0,0.6262989321486787,-0.021452041077519992
9.0,13.0,13.0,3.0,0.6452698713589853,-0.004517782817636703
9.0,13.0,14.0,3.0,0.4107200774861038,-0.13999184889670302
9.0,13.0,15.0,3.0,0.474531418466226,-0.10612333237693644
9.0,13.0,16.0,3.0,0.6331974554978811,-0.021452041077519992
9.0,13.0,17.0,3.0,0.9746743612833998,0.4865757067189787
9.0,13.0,18.0,3.0,0.6090526237756727,0.5204442232387453
9.0,13.0,19.0,3.0,0.7228782590375123,-0.021452041077519992
9.0,13.0,20.0,3.0,-0.09287212700567121,-0.37707146453506907
9.0,13.0,21.0,3.0,-0.6206091632196546,-0.5972168219135519
9.0,13.0,22.0,3.0,-0.8137678169973217,-0.6480195966932017
9.0,13.0,23.0,3.0,-1.1035057976638225,-0.7834936627722681
9.0,14.0,0.0,4.0,-1.2104329095764597,-0.8004279210321513
9.0,14.0,1.0,4.0,-1.2897659280922873,-0.8173621792920346
9.0,14.0,2.0,4.0,-1.3346063298621027,-0.8173621792920346
9.0,14.0,3.0,4.0,-1.3501280073978081,-0.8173621792920346
9.0,14.0,4.0,4.0,-1.3415048532113052,-0.8173621792920346
9.0,14.0,5.0,4.0,-1.0655639192432094,-0.7665594045123848
9.0,14.0,6.0,4.0,-0.4119288319062821,-0.46174275583448554
9.0,14.0,7.0,4.0,1.09022462738254,0.16482479978119619
9.0,14.0,8.0,4.0,0.7332260440613159,0.45270719019921213
9.0,14.0,9.0,4.0,2.7010298294213,0.5373784814986285
9.0,14.0,10.0,4.0,0.9660512070968968,0.08015350848177975
9.0,14.0,11.0,4.0,0.7039073198272057,-0.021452041077519992
9.0,14.0,12.0,4.0,0.6331974554978811,-0.055320557597286574
9.0,14.0,13.0,4.0,0.49867625018843437,-0.10612333237693644
9.0,14.0,14.0,4.0,0.5055747735376368,-0.07225481585716986
9.0,14.0,15.0,4.0,0.4383141708829134,-0.13999184889670302
9.0,14.0,16.0,4.0,0.6659654414065925,0.029350733702129875
9.0,14.0,17.0,4.0,0.7504723524343219,2.671095022243923
9.0,14.0,18.0,4.0,0.6366467171724823,2.2985413405264907
9.0,14.0,19.0,4.0,0.9660512070968968,0.1309562832614296
9.0,14.0,20.0,4.0,0.3658796757162882,-0.13999184889670302
9.0,14.0,21.0,4.0,-0.6499278874537648,-0.5802825636536686
9.0,14.0,22.0,4.0,-0.774101307739408,-0.6141510801734351
9.0,14.0,23.0,4.0,-1.0086511016122894,-0.6988223714728516
9.0,15.0,0.0,5.0,-1.1862880778542513,-0.8173621792920346
9.0,15.0,1.0,5.0,-1.2725196197192812,-0.8173621792920346
9.0,15.0,2.0,5.0,-1.3173600214890968,-0.8173621792920346
9.0,15.0,3.0,5.0,-1.324258544838299,-0.8173621792920346
9.0,15.0,4.0,5.0,-1.3311570681875016,-0.8173621792920346
9.0,15.0,5.0,5.0,-1.1293752602233313,-0.7834936627722681
9.0,15.0,6.0,5.0,-0.4878125887475085,-0.5294797888740187
9.0,15.0,7.0,5.0,0.9488048987238908,0.11402202500154633
9.0,15.0,8.0,5.0,0.7435738290851195,0.5881812562782784
9.0,15.0,9.0,5.0,1.6438311261560323,0.5373784814986285
9.0,15.0,10.0,5.0,1.0384857022635219,0.16482479978119619
9.0,15.0,11.0,5.0,0.6383713480097829,-0.021452041077519992
9.0,15.0,12.0,5.0,0.822906847600947,0.06321925022189646
9.0,15.0,13.0,5.0,0.7935881233668369,0.012416475442246586
9.0,15.0,14.0,5.0,0.6780378572676967,-0.004517782817636703
9.0,15.0,15.0,5.0,0.5573136986566548,-0.08918907411705315
9.0,15.0,16.0,5.0,0.7470230907597207,0.012416475442246586
9.0,15.0,17.0,5.0,1.0160655013786142,0.1986933163009628
9.0,15.0,18.0,5.0,1.0919492582198407,0.21562757456084608
9.0,15.0,19.0,5.0,1.2661369727872012,0.2664303493404959
9.0,15.0,20.0,5.0,0.6090526237756727,-0.004517782817636703
9.0,15.0,21.0,5.0,-0.05148098691045682,-0.3432029480153025
9.0,15.0,22.0,5.0,-0.4326244019538893,-0.4956112723542521
9.0,15.0,23.0,5.0,-0.7603042610410031,-0.6141510801734351
9.0,19.0,0.0,2.0,-1.2535486805089746,-0.8173621792920346
9.0,19.0,1.0,2.0,-1.338055591536704,-0.8173621792920346
9.0,19.0,2.0,2.0,-1.3328816990248022,-0.8173621792920346
9.0,19.0,3.0,2.0,-1.3690989466081147,-0.8173621792920346
9.0,19.0,4.0,2.0,-1.3432294840486059,-0.8173621792920346
9.0,19.0,5.0,2.0,-1.0759117042670128,-0.7496251462525014
9.0,19.0,6.0,2.0,-0.3308711825531539,-0.41093998105483565
9.0,19.0,7.0,2.0,1.2609630802752994,0.3002988658602625
9.0,19.0,8.0,2.0,0.40554618497420203,0.7744580971369946
9.0,19.0,9.0,2.0,0.5314442360971458,0.9268664214759442
9.0,19.0,10.0,2.0,1.3575424071641329,0.3341673823800291
9.0,19.0,11.0,2.0,0.8987906044421734,0.1309562832614296
9.0,19.0,12.0,2.0,0.9626019454222956,0.1309562832614296
9.0,19.0,13.0,2.0,0.8729211418826645,0.09708776674166304
9.0,19.0,14.0,2.0,0.681487118942298,0.029350733702129875
9.0,19.0,15.0,2.0,0.6866610114541997,0.04628499196201317
9.0,19.0,16.0,2.0,1.214398047668183,0.24949609108061266
9.0,19.0,17.0,2.0,1.064355164823031,0.5881812562782784
9.0,19.0,18.0,2.0,0.1727210219386211,0.46964144845909545
9.0,19.0,19.0,2.0,1.4454985798664635,0.4865757067189787
9.0,19.0,20.0,2.0,0.7487477215970213,0.1478905415213129
9.0,19.0,21.0,2.0,-0.6326815790807588,-0.5633483053937853
9.0,19.0,22.0,2.0,-0.8051446628108188,-0.6480195966932017
9.0,19.0,23.0,2.0,-0.9914047932392835,-0.6988223714728516
9.0,20.0,0.0,3.0,-1.217331432925662,-0.8173621792920346
9.0,20.0,1.0,3.0,-1.3018383439533914,-0.8173621792920346
9.0,20.0,2.0,3.0,-1.346678745723207,-0.8173621792920346
9.0,20.0,3.0,3.0,-1.3484033765605075,-0.8173621792920346
9.0,20.0,4.0,3.0,-1.3415048532113052,-0.8173621792920346
9.0,20.0,5.0,3.0,-1.0483176108702033,-0.7326908879926182
9.0,20.0,6.0,3.0,-0.3153495050174485,-0.46174275583448554
9.0,20.0,7.0,3.0,1.3506438838149304,0.6220497727980451
9.0,20.0,8.0,3.0,-0.3567406451126629,0.8591293884364111
9.0,20.0,9.0,3.0,-0.3325958133904545,1.5364997188317426
9.0,20.0,10.0,3.0,1.4075567014458503,0.3511016406399124
9.0,20.0,11.0,3.0,0.943631006211989,0.1309562832614296
9.0,20.0,12.0,3.0,0.9539787912357927,0.1309562832614296
9.0,20.0,13.0,3.0,0.9539787912357927,0.1309562832614296
9.0,20.0,14.0,3.0,0.6763132264303962,0.029350733702129875
9.0,20.0,15.0,3.0,0.8211822167636464,0.08015350848177975
9.0,20.0,16.0,3.0,0.8884428194183699,0.3002988658602625
9.0,20.0,17.0,3.0,1.0264132864024178,1.5364997188317426
9.0,20.0,18.0,3.0,1.0022684546802094,3.077517220481122
9.0,20.0,19.0,3.0,1.386861131398243,0.9607349379957109
9.0,20.0,20.0,3.0,0.2986190730615649,-0.13999184889670302
9.0,20.0,21.0,3.0,-0.7016668125727827,-0.5972168219135519
9.0,20.0,22.0,3.0,-0.8706806346282415,-0.6480195966932017
9.0,20.0,23.0,3.0,-1.1017811668265218,-0.7665594045123848
9.0,21.0,0.0,4.0,-1.2552733113462753,-0.8173621792920346
9.0,21.0,1.0,4.0,-1.320809283163698,-0.8173621792920346
9.0,21.0,2.0,4.0,-1.35530189990971,-0.8173621792920346
9.0,21.0,3.0,4.0,-1.3518526382351088,-0.8173621792920346
9.0,21.0,4.0,4.0,-1.3415048532113052,-0.8173621792920346
9.0,21.0,5.0,4.0,-1.1017811668265218,-0.7665594045123848
9.0,21.0,6.0,4.0,-0.35501601427536233,-0.42787423931471896
9.0,21.0,7.0,4.0,1.3627162996760347,0.36803589889979565
9.0,21.0,8.0,4.0,-0.3101756125055467,1.028471971035244
9.0,21.0,9.0,4.0,0.534893497771747,1.0454062292951274
9.0,21.0,10.0,4.0,1.473092673263273,0.36803589889979565
9.0,21.0,11.0,4.0,1.5800197851759101,0.1851459096930562
9.0,21.0,12.0,4.0,1.0884999965452393,0.21562757456084608
9.0,21.0,13.0,4.0,1.2092241551562812,0.24949609108061266
9.0,21.0,14.0,4.0,0.8642979876961615,0.09708776674166304
9.0,21.0,15.0,4.0,1.1126448282674477,0.24949609108061266
9.0,21.0,16.0,4.0,1.029862548077019,0.1817590580410795
9.0,21.0,17.0,4.0,1.009166978029412,0.5881812562782784
9.0,21.0,18.0,4.0,1.3161512670689184,1.028471971035244
9.0,21.0,19.0,4.0,1.5817444160132108,0.503509964978862
9.0,21.0,20.0,4.0,0.5159225585614404,-0.055320557597286574
9.0,21.0,21.0,4.0,-0.6637249341521696,-0.5972168219135519
9.0,21.0,22.0,4.0,-0.7499564760171996,-0.6141510801734351
9.0,21.0,23.0,4.0,-0.9569121764932715,-0.6988223714728516
9.0,22.0,0.0,5.0,-1.1604186152947422,-0.8004279210321513
9.0,22.0,1.0,5.0,-1.2707949888819805,-0.8173621792920346
9.0,22.0,2.0,5.0,-1.2983890822787902,-0.8173621792920346
9.0,22.0,3.0,5.0,-1.3139107598144957,-0.8173621792920346
9.0,22.0,4.0,5.0,-1.3311570681875016,-0.8173621792920346
9.0,22.0,5.0,5.0,-1.3087368673025939,-0.8173621792920346
9.0,22.0,6.0,5.0,-0.6723480883386727,-0.5633483053937853
9.0,22.0,7.0,5.0,0.9022398661167746,0.1817590580410795
9.0,22.0,8.0,5.0,1.0367610714262214,0.6897868058375782
9.0,22.0,9.0,5.0,0.6004294695891698,0.6728525475776949
9.0,22.0,10.0,5.0,1.3023542203705136,0.5373784814986285
9.0,22.0,11.0,5.0,1.0833261040333375,0.21562757456084608
9.0,22.0,12.0,5.0,1.1988763701324778,0.28336460760037924
9.0,22.0,13.0,5.0,1.1402389216642574,0.24949609108061266
9.0,22.0,14.0,5.0,1.2161226785054837,0.3172331241201458
9.0,22.0,15.0,5.0,1.1885285851086742,0.2664303493404959
9.0,22.0,16.0,5.0,1.3627162996760347,0.3511016406399124
9.0,22.0,17.0,5.0,1.0367610714262214,2.5017524396450903
9.0,22.0,18.0,5.0,1.279934019485606,2.095330241407891
9.0,22.0,19.0,5.0,1.2264704635292873,1.502631202311976
9.0,22.0,20.0,5.0,1.055732010636528,0.1986933163009628
9.0,22.0,21.0,5.0,0.1761702836132223,-0.20772888193623618
9.0,22.0,22.0,5.0,-0.1273647437516832,-0.3432029480153025
9.0,22.0,23.0,5.0,-0.3791608459975707,-0.42787423931471896
9.0,23.0,0.0,6.0,-0.8396372795568308,-0.664953854953085
9.0,23.0,1.0,6.0,-1.0172742557987924,-0.7157566297327349
9.0,23.0,2.0,6.0,-1.1414476760844356,-0.8173621792920346
9.0,23.0,3.0,6.0,-1.2069836479018585,-0.8173621792920346
9.0,23.0,4.0,6.0,-1.2880412972549866,-0.8173621792920346
9.0,23.0,5.0,6.0,-1.2914905589295878,-0.8173621792920346
9.0,23.0,6.0,6.0,-1.0724624425924116,-0.7665594045123848
9.0,23.0,7.0,6.0,-0.696492920060881,-0.5972168219135519
9.0,23.0,8.0,6.0,-0.3101756125055467,-0.42787423931471896
9.0,23.0,9.0,6.0,0.5055747735376368,-0.07225481585716986
9.0,23.0,10.0,6.0,0.6159511471248751,-0.038386299337403285
9.0,23.0,11.0,6.0,0.8073851700652417,0.08015350848177975
9.0,23.0,12.0,6.0,1.283383281160207,0.3002988658602625
9.0,23.0,13.0,6.0,1.5662227384775054,0.4865757067189787
9.0,23.0,14.0,6.0,1.5041360283346839,0.46964144845909545
9.0,23.0,15.0,6.0,1.533454752568794,0.41883867367944555
9.0,23.0,16.0,6.0,1.1971517392951772,0.21562757456084608
9.0,23.0,17.0,6.0,1.305803482045115,0.3511016406399124
9.0,23.0,18.0,6.0,1.0143408705413135,0.6728525475776949
9.0,23.0,19.0,6.0,0.7487477215970213,0.8083266136567612
9.0,23.0,20.0,6.0,1.1471374450134597,0.2664303493404959
9.0,23.0,21.0,6.0,0.2606771946409517,-0.1738603654164696
9.0,23.0,22.0,6.0,-0.09459675784297181,-0.32626868975541923
9.0,23.0,23.0,6.0,-0.18427756138260298,-0.3940057227949524
9.0,24.0,0.0,6.0,-0.6326815790807588,-0.546414047133902
9.0,24.0,1.0,6.0,-0.9534629148186703,-0.6988223714728516
9.0,24.0,2.0,6.0,-1.0552161342194057,-0.7665594045123848
9.0,24.0,3.0,6.0,-1.1724910311558465,-0.8173621792920346
9.0,24.0,4.0,6.0,-1.2845920355803855,-0.8173621792920346
9.0,24.0,5.0,6.0,-1.2897659280922873,-0.8173621792920346
9.0,24.0,6.0,6.0,-1.174215661993147,-0.8004279210321513
9.0,24.0,7.0,6.0,-0.3584652759499635,-0.46174275583448554
9.0,24.0,8.0,6.0,-0.8534343262552355,-0.6818881132129683
9.0,24.0,9.0,6.0,-0.5792180231244403,-0.546414047133902
9.0,24.0,10.0,6.0,0.02095350825616835,-0.32626868975541923
9.0,24.0,11.0,6.0,0.9763989921207004,0.21562757456084608
9.0,24.0,12.0,6.0,0.8884428194183699,0.09708776674166304
9.0,24.0,13.0,6.0,0.8815442960691674,0.3341673823800291
9.0,24.0,14.0,6.0,0.969500468771498,0.1478905415213129
9.0,24.0,15.0,6.0,0.8384285251366524,0.08015350848177975
9.0,24.0,16.0,6.0,0.7918634925295363,-0.021452041077519992
9.0,24.0,17.0,6.0,1.0660797956603316,0.1817590580410795
9.0,24.0,18.0,6.0,0.8953413427675723,0.09708776674166304
9.0,24.0,19.0,6.0,0.7263275207121135,0.029350733702129875
9.0,24.0,20.0,6.0,-0.04458246356125443,-0.3093344314955359
9.0,24.0,21.0,6.0,-0.4050303085570797,-0.4786770140943688
9.0,24.0,22.0,6.0,-0.8241156020211253,-0.6480195966932017
9.0,24.0,23.0,6.0,-1.053491503382105,-0.7496251462525014
9.0,25.0,0.0,1.0,-1.208708278739159,-0.8173621792920346
9.0,25.0,1.0,1.0,-1.2966644514414896,-0.8173621792920346
9.0,25.0,2.0,1.0,-1.3449541148859063,-0.8173621792920346
9.0,25.0,3.0,1.0,-1.3501280073978081,-0.8173621792920346
9.0,25.0,4.0,1.0,-1.338055591536704,-0.8173621792920346
9.0,25.0,5.0,1.0,-1.2121575404137601,-0.8004279210321513
9.0,25.0,6.0,1.0,-0.5964643314974463,-0.5633483053937853
9.0,25.0,7.0,1.0,0.935007852025486,0.1309562832614296
9.0,25.0,8.0,1.0,1.0747029498468346,0.6897868058375782
9.0,25.0,9.0,1.0,2.309538629354064,0.6457577343618818
9.0,25.0,10.0,1.0,1.1195433516166502,0.23256183282072937
9.0,25.0,11.0,1.0,0.8453270484858548,0.08015350848177975
9.0,25.0,12.0,1.0,0.7470230907597207,0.04628499196201317
9.0,25.0,13.0,1.0,0.891892081092971,0.1309562832614296
9.0,25.0,14.0,1.0,0.7263275207121135,0.04628499196201317
9.0,25.0,15.0,1.0,0.7108058431764082,0.012416475442246586
9.0,25.0,16.0,1.0,0.9763989921207004,0.16482479978119619
9.0,25.0,17.0,1.0,0.9039644969540752,0.8421951301765278
9.0,25.0,18.0,1.0,-0.04630709439855502,1.0115377127753606
9.0,25.0,19.0,1.0,0.552139806144753,0.21562757456084608
9.0,25.0,20.0,1.0,0.03819981662917434,-0.27546591497576933
9.0,25.0,21.0,1.0,-0.6430293641045625,-0.546414047133902
9.0,25.0,22.0,1.0,-0.8499850645806344,-0.6480195966932017
9.0,25.0,23.0,1.0,-1.0448683491956021,-0.7326908879926182
9.0,26.0,0.0,2.0,-1.208708278739159,-0.8004279210321513
9.0,26.0,1.0,2.0,-1.3018383439533914,-0.8173621792920346
9.0,26.0,2.0,2.0,-1.346678745723207,-0.8173621792920346
9.0,26.0,3.0,2.0,-1.346678745723207,-0.8173621792920346
9.0,26.0,4.0,2.0,-1.3501280073978081,-0.8173621792920346
9.0,26.0,5.0,2.0,-1.231128479624067,-0.8173621792920346
9.0,26.0,6.0,2.0,-0.5705948689379372,-0.546414047133902
9.0,26.0,7.0,2.0,0.7435738290851195,0.4019044154195623
9.0,26.0,8.0,2.0,-0.3394943367396569,1.4518284275323263
9.0,26.0,9.0,2.0,0.8505009409977566,3.246859803079955
9.0,26.0,10.0,2.0,0.8522255718350572,0.5204442232387453
9.0,26.0,11.0,2.0,0.9626019454222956,0.1986933163009628
9.0,26.0,12.0,2.0,1.0160655013786142,0.1986933163009628
9.0,26.0,13.0,2.0,0.8332546326247506,0.08015350848177975
9.0,26.0,14.0,2.0,0.7177043665256105,0.1986933163009628
9.0,26.0,15.0,2.0,0.8384285251366524,0.1817590580410795
9.0,26.0,16.0,2.0,0.6021541004264703,0.503509964978862
9.0,26.0,17.0,2.0,0.9470802678865903,0.6728525475776949
9.0,26.0,18.0,2.0,0.5210964510733421,1.841316367509642
9.0,26.0,19.0,2.0,0.9919206696564058,0.5373784814986285
9.0,26.0,20.0,2.0,0.1503008210537133,0.5712469980183952
9.0,26.0,21.0,2.0,-0.4446968178149935,-0.46174275583448554
9.0,26.0,22.0,2.0,-0.7240870134576906,-0.5802825636536686
9.0,26.0,23.0,2.0,-1.006926470774989,-0.7326908879926182
9.0,27.0,0.0,3.0,-1.2156068020883615,-0.8173621792920346
9.0,27.0,1.0,3.0,-1.2880412972549866,-0.8173621792920346
9.0,27.0,2.0,3.0,-1.3363309606994034,-0.8173621792920346
9.0,27.0,3.0,3.0,-1.3432294840486059,-0.8173621792920346
9.0,27.0,4.0,3.0,-1.3501280073978081,-0.8173621792920346
9.0,27.0,5.0,3.0,-1.2156068020883615,-0.8173621792920346
9.0,27.0,6.0,3.0,-0.5947397006601456,-0.5633483053937853
9.0,27.0,7.0,3.0,1.09022462738254,0.41883867367944555
9.0,27.0,8.0,3.0,0.4503865867440176,0.8760636466962944
9.0,27.0,9.0,3.0,0.5279949744225446,0.909932163216061
9.0,27.0,10.0,3.0,0.9160369128151794,0.5881812562782784
9.0,27.0,11.0,3.0,1.6817730045766455,0.1851459096930562
9.0,27.0,12.0,3.0,1.0108916088667124,0.1986933163009628
9.0,27.0,13.0,3.0,1.0143408705413135,0.1478905415213129
9.0,27.0,14.0,3.0,0.7901388616922357,0.06321925022189646
9.0,27.0,15.0,3.0,1.0402103331008226,0.1986933163009628
9.0,27.0,16.0,3.0,1.2316443560411892,0.3002988658602625
9.0,27.0,17.0,3.0,0.9212108053270812,3.060582962221239
9.0,27.0,18.0,3.0,0.960877314584995,2.5186866979049736
9.0,27.0,19.0,3.0,0.986746777144504,0.4019044154195623
9.0,27.0,20.0,3.0,-0.3394943367396569,-0.37707146453506907
9.0,27.0,21.0,3.0,-0.6395801024299612,-0.5294797888740187
9.0,27.0,22.0,3.0,-0.8051446628108188,-0.5972168219135519
9.0,27.0,23.0,3.0,-0.9896801624019829,-0.7326908879926182
9.0,28.0,0.0,4.0,-1.1862880778542513,-0.8004279210321513
9.0,28.0,1.0,4.0,-1.286316666417686,-0.8173621792920346
9.0,28.0,2.0,4.0,-1.3484033765605075,-0.8173621792920346
9.0,28.0,3.0,4.0,-1.3397802223740045,-0.8173621792920346
9.0,28.0,4.0,4.0,-1.338055591536704,-0.8173621792920346
9.0,28.0,5.0,4.0,-1.0810855967789146,-0.7496251462525014
9.0,28.0,6.0,4.0,-0.38433473850947253,-0.4448084975746022
9.0,28.0,7.0,4.0,1.3747887155371388,0.38497015715967897
9.0,28.0,8.0,4.0,-0.34294359841425814,2.2816070822666075
9.0,28.0,9.0,4.0,-0.26188594906112994,1.6889080431706922
9.0,28.0,10.0,4.0,1.5093099208465857,0.41883867367944555
9.0,28.0,11.0,4.0,1.09022462738254,0.1986933163009628
9.0,28.0,12.0,4.0,1.0867753657079389,0.23256183282072937
9.0,28.0,13.0,4.0,1.107470935755546,0.23256183282072937
9.0,28.0,14.0,4.0,0.7556462449462237,0.029350733702129875
9.0,28.0,15.0,4.0,0.9591526837476945,0.1309562832614296
9.0,28.0,16.0,4.0,1.0574566414738287,0.21562757456084608
9.0,28.0,17.0,4.0,0.8177329550890453,3.2129912865601886
9.0,28.0,18.0,4.0,1.0609059031484298,2.8235033465828727
9.0,28.0,19.0,4.0,1.1454128141761593,2.146133016187541
9.0,28.0,20.0,4.0,0.4434880633948152,-0.021452041077519992
9.0,28.0,21.0,4.0,-0.4757401728864043,-0.42787423931471896
9.0,28.0,22.0,4.0,-0.6688988266640714,-0.546414047133902
9.0,28.0,23.0,4.0,-0.8965500971877505,-0.6480195966932017
9.0,29.0,0.0,5.0,-1.1707664003185458,-0.7722041572656793
9.0,29.0,1.0,5.0,-1.2914905589295878,-0.8173621792920346
9.0,29.0,2.0,5.0,-1.3173600214890968,-0.8173621792920346
9.0,29.0,3.0,5.0,-1.320809283163698,-0.8173621792920346
9.0,29.0,4.0,5.0,-1.3328816990248022,-0.8173621792920346
9.0,29.0,5.0,5.0,-1.2138821712510608,-0.8173621792920346
9.0,29.0,6.0,5.0,-0.6309569482434583,-0.3601372062751858
9.0,29.0,7.0,5.0,0.38140135325199365,0.5204442232387453
9.0,29.0,8.0,5.0,1.0695290573349328,0.5373784814986285
9.0,29.0,9.0,5.0,0.664240810569292,0.8591293884364111
9.0,29.0,10.0,5.0,1.5179330750330886,0.46964144845909545
9.0,29.0,11.0,5.0,1.2126734168308826,0.3002988658602625
9.0,29.0,12.0,5.0,1.1229926132912513,0.23256183282072937
9.0,29.0,13.0,5.0,1.107470935755546,0.21562757456084608
9.0,29.0,14.0,5.0,1.0953985198944418,0.21562757456084608
9.0,29.0,15.0,5.0,1.1505867066880608,0.21562757456084608
9.0,29.0,16.0,5.0,1.279934019485606,0.3002988658602625
9.0,29.0,17.0,5.0,0.6314728246605805,1.671973784910809
9.0,29.0,18.0,5.0,0.822906847600947,0.7913923553968779
9.0,29.0,19.0,5.0,0.8073851700652417,0.5204442232387453
9.0,29.0,20.0,5.0,0.9729497304460992,0.1817590580410795
9.0,29.0,21.0,5.0,0.362430414041687,-0.10612333237693644
9.0,29.0,22.0,5.0,-0.13943715961278738,-0.3432029480153025
9.0,29.0,23.0,5.0,-0.5050588971205144,-0.5125455306141354
9.0,30.0,0.0,6.0,-0.7240870134576906,-0.5802825636536686
9.0,30.0,1.0,6.0,-1.0293466716598967,-0.7326908879926182
9.0,30.0,2.0,6.0,-1.2035343862272572,-0.8173621792920346
9.0,30.0,3.0,6.0,-1.2276792179494656,-0.8173621792920346
9.0,30.0,4.0,6.0,-1.3104614981398943,-0.8173621792920346
9.0,30.0,5.0,6.0,-1.303562974790692,-0.8173621792920346
9.0,30.0,6.0,6.0,-1.0052018399376883,-0.6988223714728516
9.0,30.0,7.0,6.0,-0.7102899667592858,-0.5972168219135519
9.0,30.0,8.0,6.0,-0.5533485605649312,-0.5125455306141354
9.0,30.0,9.0,6.0,0.33483632064487745,-0.1738603654164696
9.0,30.0,10.0,6.0,0.7090812123391075,0.029350733702129875
9.0,30.0,11.0,6.0,0.8953413427675723,0.1478905415213129
9.0,30.0,12.0,6.0,1.4368754256799605,0.46964144845909545
9.0,30.0,13.0,6.0,1.5213823367076897,0.909932163216061
9.0,30.0,14.0,6.0,1.455846364890267,0.41883867367944555
9.0,30.0,15.0,6.0,1.4765419349378743,0.43577293193932887
9.0,30.0,16.0,6.0,1.2644123419499005,0.3172331241201458
9.0,30.0,17.0,6.0,1.3661655613506358,0.3511016406399124
9.0,30.0,18.0,6.0,1.4351507948426598,1.1639460371143102
9.0,30.0,19.0,6.0,0.74529845992242,0.8083266136567612
9.0,30.0,20.0,6.0,1.0074423471921112,0.46964144845909545
9.0,30.0,21.0,6.0,0.3331116898075768,-0.13999184889670302
9.0,30.0,22.0,6.0,-0.06527803360886161,-0.32626868975541923
9.0,30.0,23.0,6.0,-0.4033056777197791,-0.42787423931471896
10.0,1.0,0.0,6.0,-0.6119860090331516,-0.546414047133902
10.0,1.0,1.0,6.0,-0.8931008355131493,-0.6818881132129683
10.0,1.0,2.0,6.0,-1.0914333818027182,-0.7665594045123848
10.0,1.0,3.0,6.0,-1.1673171386439447,-0.7834936627722681
10.0,1.0,4.0,6.0,-1.3052876056279925,-0.8173621792920346
10.0,1.0,5.0,6.0,-1.320809283163698,-0.8173621792920346
10.0,1.0,6.0,6.0,-1.2449255263224717,-0.8173621792920346
10.0,1.0,7.0,6.0,-1.0258974099852955,-0.7326908879926182
10.0,1.0,8.0,6.0,-0.8551589570925361,-0.6480195966932017
10.0,1.0,9.0,6.0,-0.3239726592039515,-0.46174275583448554
10.0,1.0,10.0,6.0,0.3244885356210738,-0.13999184889670302
10.0,1.0,11.0,6.0,0.7090812123391075,-0.004517782817636703
10.0,1.0,12.0,6.0,1.102297043243644,0.1986933163009628
10.0,1.0,13.0,6.0,1.386861131398243,0.8760636466962944
10.0,1.0,14.0,6.0,1.098847781569043,0.21562757456084608
10.0,1.0,15.0,6.0,0.9056891277913759,0.11402202500154633
10.0,1.0,16.0,6.0,0.8608487260215603,0.08015350848177975
10.0,1.0,17.0,6.0,0.6780378572676967,-0.021452041077519992
10.0,1.0,18.0,6.0,0.8487763101604561,0.09708776674166304
10.0,1.0,19.0,6.0,0.6400959788470836,-0.021452041077519992
10.0,1.0,20.0,6.0,0.033025924117272544,-0.25853165671588607
10.0,1.0,21.0,6.0,-0.4205519860927851,-0.4956112723542521
10.0,1.0,22.0,6.0,-0.8534343262552355,-0.6480195966932017
10.0,1.0,23.0,6.0,-1.0138249941241912,-0.7326908879926182
10.0,2.0,0.0,1.0,-1.165592507806644,-0.8004279210321513
10.0,2.0,1.0,1.0,-1.2949398206041889,-0.8173621792920346
10.0,2.0,2.0,1.0,-1.3346063298621027,-0.8173621792920346
10.0,2.0,3.0,1.0,-1.346678745723207,-0.8173621792920346
10.0,2.0,4.0,1.0,-1.3363309606994034,-0.8173621792920346
10.0,2.0,5.0,1.0,-1.0672885500805098,-0.7665594045123848
10.0,2.0,6.0,1.0,-0.3670884301364665,-0.4448084975746022
10.0,2.0,7.0,1.0,1.0143408705413135,0.4865757067189787
10.0,2.0,8.0,1.0,0.12788062016880553,1.0454062292951274
10.0,2.0,9.0,1.0,0.15892397524021631,1.671973784910809
10.0,2.0,10.0,1.0,1.1143694591047484,0.1817590580410795
10.0,2.0,11.0,1.0,0.7659940299700273,0.04628499196201317
10.0,2.0,12.0,1.0,0.978123622958001,0.1817590580410795
10.0,2.0,13.0,1.0,0.9056891277913759,0.1309562832614296
10.0,2.0,14.0,1.0,0.5676614836804583,-0.004517782817636703
10.0,2.0,15.0,1.0,0.6176757779621758,0.012416475442246586
10.0,2.0,16.0,1.0,1.0350364405889207,0.21562757456084608
10.0,2.0,17.0,1.0,1.0057177163548106,1.2316830701538435
10.0,2.0,18.0,1.0,0.6349220863351818,0.4865757067189787
10.0,2.0,19.0,1.0,0.9125876511405783,0.36803589889979565
10.0,2.0,20.0,1.0,-0.049756356073156226,-0.3093344314955359
10.0,2.0,21.0,1.0,-0.5981889623347468,-0.546414047133902
10.0,2.0,22.0,1.0,-0.8844776813266463,-0.6988223714728516
10.0,2.0,23.0,1.0,-1.0948826434773196,-0.7665594045123848
10.0,3.0,0.0,2.0,-1.208708278739159,-0.8173621792920346
10.0,3.0,1.0,2.0,-1.3363309606994034,-0.8173621792920346
10.0,3.0,2.0,2.0,-1.3484033765605075,-0.8173621792920346
10.0,3.0,3.0,2.0,-1.3501280073978081,-0.8173621792920346
10.0,3.0,4.0,2.0,-1.3397802223740045,-0.8173621792920346
10.0,3.0,5.0,2.0,-1.2656210963700787,-0.7834936627722681
10.0,3.0,6.0,2.0,-0.5395515138665264,-0.5125455306141354
10.0,3.0,7.0,2.0,0.9246600670016825,0.1478905415213129
10.0,3.0,8.0,2.0,1.0436595947754237,0.7067210640974615
10.0,3.0,9.0,2.0,0.8160083242517446,0.8760636466962944
10.0,3.0,10.0,2.0,0.8798196652318668,0.5543127397585119
10.0,3.0,11.0,2.0,1.0729783190095339,0.2664303493404959
10.0,3.0,12.0,2.0,1.0833261040333375,0.21562757456084608
10.0,3.0,13.0,2.0,0.7815157075057326,0.06321925022189646
10.0,3.0,14.0,2.0,0.8970659736048728,0.1478905415213129
10.0,3.0,15.0,2.0,0.500400881025735,0.3511016406399124
10.0,3.0,16.0,2.0,0.8160083242517446,0.1309562832614296
10.0,3.0,17.0,2.0,0.29172054971236244,1.2486173284137267
10.0,3.0,18.0,2.0,0.28482202636316006,2.1122644996677744
10.0,3.0,19.0,2.0,0.8332546326247506,1.7566450762102255
10.0,3.0,20.0,2.0,0.1761702836132223,-0.22466314019611947
10.0,3.0,21.0,2.0,-0.5533485605649312,-0.546414047133902
10.0,3.0,22.0,2.0,-0.8430865412314319,-0.6141510801734351
10.0,3.0,23.0,2.0,-0.9931294240765841,-0.7326908879926182
10.0,4.0,0.0,3.0,-1.2207806946002633,-0.8173621792920346
10.0,4.0,1.0,3.0,-1.2949398206041889,-0.8173621792920346
10.0,4.0,2.0,3.0,-1.3190846523263973,-0.8173621792920346
10.0,4.0,3.0,3.0,-1.3604757924216118,-0.8173621792920346
10.0,4.0,4.0,3.0,-1.3397802223740045,-0.8173621792920346
10.0,4.0,5.0,3.0,-1.2104329095764597,-0.8004279210321513
10.0,4.0,6.0,3.0,-0.575768761449839,-0.5633483053937853
10.0,4.0,7.0,3.0,0.9746743612833998,0.1817590580410795
10.0,4.0,8.0,3.0,1.1091955665928466,0.7236553223573448
10.0,4.0,9.0,3.0,-0.6154352707077528,2.3324098570462573
10.0,4.0,10.0,3.0,0.9488048987238908,0.7067210640974615
10.0,4.0,11.0,3.0,0.5987048387518692,-0.038386299337403285
10.0,4.0,12.0,3.0,1.6162370327592228,0.1851459096930562
10.0,4.0,13.0,3.0,0.5159225585614404,0.2664303493404959
10.0,4.0,14.0,3.0,0.8091098009025423,0.04628499196201317
10.0,4.0,15.0,3.0,0.9177615436524801,0.1309562832614296
10.0,4.0,16.0,3.0,1.20577489348168,0.28336460760037924
10.0,4.0,17.0,3.0,0.7935881233668369,3.4839394187183212
10.0,4.0,18.0,3.0,0.5849077920534643,4.4153236230119015
10.0,4.0,19.0,3.0,0.7401245674105182,2.095330241407891
10.0,4.0,20.0,3.0,0.07269243337518633,-0.27546591497576933
10.0,4.0,21.0,3.0,-0.48091406539830606,-0.5125455306141354
10.0,4.0,22.0,3.0,-0.6930436583862798,-0.5972168219135519
10.0,4.0,23.0,3.0,-0.9948540549138847,-0.7157566297327349
10.0,5.0,0.0,4.0,-1.1776649236677483,-0.7834936627722681
10.0,5.0,1.0,4.0,-1.2794181430684837,-0.8173621792920346
10.0,5.0,2.0,4.0,-1.3311570681875016,-0.8173621792920346
10.0,5.0,3.0,4.0,-1.3604757924216118,-0.8173621792920346
10.0,5.0,4.0,4.0,-1.3225339140009986,-0.8173621792920346
10.0,5.0,5.0,4.0,-1.09660727431462,-0.7665594045123848
10.0,5.0,6.0,4.0,-0.3567406451126629,-0.46174275583448554
10.0,5.0,7.0,4.0,1.2523399260887964,0.3341673823800291
10.0,5.0,8.0,4.0,0.029576662442671348,1.722776559690459
10.0,5.0,9.0,4.0,0.1537500827283145,2.0445274666282414
10.0,5.0,10.0,4.0,0.23825699375604387,0.8083266136567612
10.0,5.0,11.0,4.0,1.1350650291523556,0.3002988658602625
10.0,5.0,12.0,4.0,1.245441402739594,0.3172331241201458
10.0,5.0,13.0,4.0,1.271310865299103,0.36803589889979565
10.0,5.0,14.0,4.0,1.0729783190095339,0.1986933163009628
10.0,5.0,15.0,4.0,0.9729497304460992,0.1817590580410795
10.0,5.0,16.0,4.0,1.240267510227692,0.3341673823800291
10.0,5.0,17.0,4.0,0.5900816845653661,4.601600463870618
10.0,5.0,18.0,4.0,0.595255577077268,5.262036536006066
10.0,5.0,19.0,4.0,0.552139806144753,3.653282001317154
10.0,5.0,20.0,4.0,0.5642122220058572,-0.004517782817636703
10.0,5.0,21.0,4.0,-0.4171027244181839,-0.4786770140943688
10.0,5.0,22.0,4.0,-0.6171599015450534,-0.5802825636536686
10.0,5.0,23.0,4.0,-0.6568264108029672,-0.5802825636536686
10.0,6.0,0.0,5.0,-0.9827816390527805,-0.7157566297327349
10.0,6.0,1.0,5.0,-1.208708278739159,-0.8004279210321513
10.0,6.0,2.0,5.0,-1.2449255263224717,-0.8173621792920346
10.0,6.0,3.0,5.0,-1.2914905589295878,-0.8173621792920346
10.0,6.0,4.0,5.0,-1.2983890822787902,-0.8173621792920346
10.0,6.0,5.0,5.0,-1.0862594892908164,-0.7665594045123848
10.0,6.0,6.0,5.0,-0.3584652759499635,-0.4448084975746022
10.0,6.0,7.0,5.0,1.5179330750330886,0.46964144845909545
10.0,6.0,8.0,5.0,-0.28775541162063895,2.840437604842756
10.0,6.0,9.0,5.0,2.280219905119954,3.7752086607883135
10.0,6.0,10.0,5.0,1.805946424862289,1.790513592729992
10.0,6.0,11.0,5.0,1.2851079119975077,1.7397108179503422
10.0,6.0,12.0,5.0,1.4023828089339485,3.314596836119488
10.0,6.0,13.0,5.0,2.8148554646831396,3.1226752425074773
10.0,6.0,14.0,5.0,0.8608487260215603,1.553433977091626
10.0,6.0,15.0,5.0,1.3661655613506358,0.8252608719166445
10.0,6.0,16.0,5.0,1.4144552247950526,2.4001468900857903
10.0,6.0,17.0,5.0,0.9315585903508848,3.5516764517578543
10.0,6.0,18.0,5.0,1.0833261040333375,4.178244007373536
10.0,6.0,19.0,5.0,1.4886143507989784,1.0962090040747772
10.0,6.0,20.0,5.0,0.6435452405216847,0.08015350848177975
10.0,6.0,21.0,5.0,0.500400881025735,0.06321925022189646
10.0,6.0,22.0,5.0,0.3745028299027912,0.6389840310579283
10.0,6.0,23.0,5.0,0.30896685808536845,0.11402202500154633
10.0,7.0,0.0,6.0,-0.1359878979381862,-0.29240017323565265
10.0,7.0,1.0,6.0,-0.9258688214218607,-0.6818881132129683
10.0,7.0,2.0,6.0,-1.1035057976638225,-0.7496251462525014
10.0,7.0,3.0,6.0,-1.2138821712510608,-0.8173621792920346
10.0,7.0,4.0,6.0,-1.2880412972549866,-0.8173621792920346
10.0,7.0,5.0,6.0,-1.2569979421835757,-0.8173621792920346
10.0,7.0,6.0,6.0,-1.0569407650567062,-0.7326908879926182
10.0,7.0,7.0,6.0,-0.6206091632196546,-0.5633483053937853
10.0,7.0,8.0,6.0,-0.23256722482701975,-0.3940057227949524
10.0,7.0,9.0,6.0,0.29172054971236244,-0.1738603654164696
10.0,7.0,10.0,6.0,0.8815442960691674,0.45270719019921213
10.0,7.0,11.0,6.0,1.1885285851086742,0.3172331241201458
10.0,7.0,12.0,6.0,1.4592956265648682,1.7566450762102255
10.0,7.0,13.0,6.0,1.202325631807079,2.8065690883229895
10.0,7.0,14.0,6.0,1.1229926132912513,2.2138700492270744
10.0,7.0,15.0,6.0,1.5110345516838861,0.5543127397585119
10.0,7.0,16.0,6.0,1.4782665657751748,0.5204442232387453
10.0,7.0,17.0,6.0,1.481715827449776,0.5543127397585119
10.0,7.0,18.0,6.0,1.124717244128552,0.2664303493404959
10.0,7.0,19.0,6.0,0.8694718802080632,0.1986933163009628
10.0,7.0,20.0,6.0,0.4348649092083122,-0.004517782817636703
10.0,7.0,21.0,6.0,0.25550330212904987,-0.038386299337403285
10.0,7.0,22.0,6.0,0.6763132264303962,0.3172331241201458
10.0,7.0,23.0,6.0,0.34001021315677926,0.11402202500154633
10.0,8.0,0.0,6.0,-0.23256722482701975,-0.37707146453506907
10.0,8.0,1.0,6.0,-0.8965500971877505,-0.6818881132129683
10.0,8.0,2.0,6.0,-1.0552161342194057,-0.7496251462525014
10.0,8.0,3.0,6.0,-1.1673171386439447,-0.7834936627722681
10.0,8.0,4.0,6.0,-1.2845920355803855,-0.8173621792920346
10.0,8.0,5.0,6.0,-1.3001137131160907,-0.8173621792920346
10.0,8.0,6.0,6.0,-1.3432294840486059,-0.8173621792920346
10.0,8.0,7.0,6.0,-1.0345205641717985,-0.7326908879926182
10.0,8.0,8.0,6.0,-0.8189417095092235,-0.664953854953085
10.0,8.0,9.0,6.0,-0.20669776226751077,-0.41093998105483565
10.0,8.0,10.0,6.0,0.37105356822819,-0.13999184889670302
10.0,8.0,11.0,6.0,1.1574852300372633,1.2486173284137267
10.0,8.0,12.0,6.0,1.2247458326919867,1.5364997188317426
10.0,8.0,13.0,6.0,1.305803482045115,3.3315310943793714
10.0,8.0,14.0,6.0,0.986746777144504,3.3823338691590212
10.0,8.0,15.0,6.0,1.5196577058703893,1.0454062292951274
10.0,8.0,16.0,6.0,1.3161512670689184,0.9946034545154774
10.0,8.0,17.0,6.0,0.8487763101604561,0.1309562832614296
10.0,8.0,18.0,6.0,0.7263275207121135,0.09708776674166304
10.0,8.0,19.0,6.0,0.7142551048510093,0.11402202500154633
10.0,8.0,20.0,6.0,0.20721363868463308,-0.07225481585716986
10.0,8.0,21.0,6.0,0.046822970815677344,-0.1738603654164696
10.0,8.0,22.0,6.0,0.1537500827283145,-0.10612333237693644
10.0,8.0,23.0,6.0,0.3865752457638954,0.09708776674166304
10.0,9.0,0.0,1.0,-0.48608795791020787,-0.4448084975746022
10.0,9.0,1.0,1.0,-1.1690417694812452,-0.8004279210321513
10.0,9.0,2.0,1.0,-1.2759688813938823,-0.8173621792920346
10.0,9.0,3.0,1.0,-1.2983890822787902,-0.8173621792920346
10.0,9.0,4.0,1.0,-1.320809283163698,-0.8173621792920346
10.0,9.0,5.0,1.0,-1.2225053254375637,-0.8173621792920346
10.0,9.0,6.0,1.0,-0.6602756724775684,-0.5802825636536686
10.0,9.0,7.0,1.0,0.8867181885810692,0.1478905415213129
10.0,9.0,8.0,1.0,1.0074423471921112,0.6389840310579283
10.0,9.0,9.0,1.0,0.4003722924623002,0.7913923553968779
10.0,9.0,10.0,1.0,1.3972089164220467,0.3511016406399124
10.0,9.0,11.0,1.0,0.840153155973953,0.09708776674166304
10.0,9.0,12.0,1.0,1.2316443560411892,0.28336460760037924
10.0,9.0,13.0,1.0,1.0884999965452393,0.23256183282072937
10.0,9.0,14.0,1.0,1.116094089942049,0.24949609108061266
10.0,9.0,15.0,1.0,1.0436595947754237,0.23256183282072937
10.0,9.0,16.0,1.0,1.1902532159459747,0.2664303493404959
10.0,9.0,17.0,1.0,1.1747315384102694,0.21562757456084608
10.0,9.0,18.0,1.0,0.9470802678865903,0.36803589889979565
10.0,9.0,19.0,1.0,0.9315585903508848,0.11402202500154633
10.0,9.0,20.0,1.0,0.23480773208144268,-0.1738603654164696
10.0,9.0,21.0,1.0,-0.6137106398704523,-0.5633483053937853
10.0,9.0,22.0,1.0,-0.8931008355131493,-0.7157566297327349
10.0,9.0,23.0,1.0,-1.1155782135249266,-0.7665594045123848
10.0,10.0,0.0,2.0,-1.234577741298668,-0.8173621792920346
10.0,10.0,1.0,2.0,-1.320809283163698,-0.8173621792920346
10.0,10.0,2.0,2.0,-1.363925054096213,-0.8173621792920346
10.0,10.0,3.0,2.0,-1.363925054096213,-0.8173621792920346
10.0,10.0,4.0,2.0,-1.3501280073978081,-0.8173621792920346
10.0,10.0,5.0,2.0,-1.2207806946002633,-0.8173621792920346
10.0,10.0,6.0,2.0,-0.5567978222395324,-0.5294797888740187
10.0,10.0,7.0,2.0,1.0367610714262214,0.23256183282072937
10.0,10.0,8.0,2.0,0.3745028299027912,0.8591293884364111
10.0,10.0,9.0,2.0,-0.72236238262039,2.0614617248881246
10.0,10.0,10.0,2.0,0.9074137586286765,0.5881812562782784
10.0,10.0,11.0,2.0,0.8867181885810692,0.1817590580410795
10.0,10.0,12.0,2.0,1.1747315384102694,0.28336460760037924
10.0,10.0,13.0,2.0,0.8004866467160393,0.06321925022189646
10.0,10.0,14.0,2.0,0.7556462449462237,0.04628499196201317
10.0,10.0,15.0,2.0,0.7246028898748129,0.029350733702129875
10.0,10.0,16.0,2.0,0.9539787912357927,0.16482479978119619
10.0,10.0,17.0,2.0,0.41416933916070503,0.7236553223573448
10.0,10.0,18.0,2.0,1.20577489348168,1.1639460371143102
10.0,10.0,19.0,2.0,1.107470935755546,0.6051155145381617
10.0,10.0,20.0,2.0,0.5400673902836488,0.04628499196201317
10.0,10.0,21.0,2.0,-0.5843919156363421,-0.546414047133902
10.0,10.0,22.0,2.0,-0.791347616112414,-0.6310853384333185
10.0,10.0,23.0,2.0,-1.0603900267313076,-0.7665594045123848
10.0,11.0,0.0,3.0,-1.1862880778542513,-0.8173621792920346
10.0,11.0,1.0,3.0,-1.286316666417686,-0.8173621792920346
10.0,11.0,2.0,3.0,-1.3432294840486059,-0.8173621792920346
10.0,11.0,3.0,3.0,-1.3415048532113052,-0.8173621792920346
10.0,11.0,4.0,3.0,-1.35530189990971,-0.8173621792920346
10.0,11.0,5.0,3.0,-1.1880127086915517,-0.8004279210321513
10.0,11.0,6.0,3.0,-0.575768761449839,-0.5294797888740187
10.0,11.0,7.0,3.0,1.0453842256127244,0.1986933163009628
10.0,11.0,8.0,3.0,0.646994502196286,0.8929979049561777
10.0,11.0,9.0,3.0,0.4296910166964104,3.6194134847973873
10.0,11.0,10.0,3.0,1.2902818045094095,1.553433977091626
10.0,11.0,11.0,3.0,0.9108630203032776,0.1309562832614296
10.0,11.0,12.0,3.0,1.2437167719022932,0.3341673823800291
10.0,11.0,13.0,3.0,0.9850221463072034,0.1478905415213129
10.0,11.0,14.0,3.0,1.0005438238429087,0.1817590580410795
10.0,11.0,15.0,3.0,0.7573708757835242,0.06321925022189646
10.0,11.0,16.0,3.0,1.6731498503901425,0.5509258881065352
10.0,11.0,17.0,3.0,0.9332832211881854,1.9937246918485916
10.0,11.0,18.0,3.0,1.2385428793903914,2.7557663135433397
10.0,11.0,19.0,3.0,1.2264704635292873,1.9259876588090583
10.0,11.0,20.0,3.0,0.1658224985894187,-0.22466314019611947
10.0,11.0,21.0,3.0,-0.6637249341521696,-0.5972168219135519
10.0,11.0,22.0,3.0,-0.8189417095092235,-0.6480195966932017
10.0,11.0,23.0,3.0,-0.9086225130488548,-0.6988223714728516
10.0,12.0,0.0,4.0,-1.200085124552656,-0.8173621792920346
10.0,12.0,1.0,4.0,-1.2845920355803855,-0.8173621792920346
10.0,12.0,2.0,4.0,-1.329432437350201,-0.8173621792920346
10.0,12.0,3.0,4.0,-1.3449541148859063,-0.8173621792920346
10.0,12.0,4.0,4.0,-1.3225339140009986,-0.8173621792920346
10.0,12.0,5.0,4.0,-1.1017811668265218,-0.7834936627722681
10.0,12.0,6.0,4.0,-0.29120467329524014,-0.46174275583448554
10.0,12.0,7.0,4.0,1.4092813322831508,0.4019044154195623
10.0,12.0,8.0,4.0,0.5469659136328512,1.4687626857922096
10.0,12.0,9.0,4.0,1.533454752568794,3.467005160458438
10.0,12.0,10.0,4.0,1.271310865299103,0.2664303493404959
10.0,12.0,11.0,4.0,1.2264704635292873,0.28336460760037924
10.0,12.0,12.0,4.0,1.383411869723642,0.3341673823800291
10.0,12.0,13.0,4.0,1.1557605991999627,0.23256183282072937
10.0,12.0,14.0,4.0,0.9884714079818047,0.1986933163009628
10.0,12.0,15.0,4.0,1.0074423471921112,0.1986933163009628
10.0,12.0,16.0,4.0,1.248890664414195,0.3511016406399124
10.0,12.0,17.0,4.0,1.17645616924757,2.942043154402056
10.0,12.0,18.0,4.0,0.8073851700652417,4.432257881271785
10.0,12.0,19.0,4.0,1.3730640846998383,2.2138700492270744
10.0,12.0,20.0,4.0,0.5486905444701518,-0.004517782817636703
10.0,12.0,21.0,4.0,-0.5223052054935204,-0.4956112723542521
10.0,12.0,22.0,4.0,-0.8241156020211253,-0.6480195966932017
10.0,12.0,23.0,4.0,-0.8879269430012475,-0.6988223714728516
10.0,13.0,0.0,5.0,-1.1069550593384236,-0.7665594045123848
10.0,13.0,1.0,5.0,-1.2449255263224717,-0.8173621792920346
10.0,13.0,2.0,5.0,-1.3173600214890968,-0.8173621792920346
10.0,13.0,3.0,5.0,-1.2932151897668884,-0.8173621792920346
10.0,13.0,4.0,5.0,-1.3277078065129004,-0.8173621792920346
10.0,13.0,5.0,5.0,-1.0793609659416141,-0.7496251462525014
10.0,13.0,6.0,5.0,-0.4084795702316809,-0.46174275583448554
10.0,13.0,7.0,5.0,1.4351507948426598,0.45270719019921213
10.0,13.0,8.0,5.0,-0.7189131209457887,2.721897797023573
10.0,13.0,9.0,5.0,-0.44297218697769286,3.754887550876454
10.0,13.0,10.0,5.0,1.697294682112351,0.6897868058375782
10.0,13.0,11.0,5.0,1.6903961587631486,1.0962090040747772
10.0,13.0,12.0,5.0,1.383411869723642,3.8734273586956367
10.0,13.0,13.0,5.0,1.4317015331680587,3.8056903256561037
10.0,13.0,14.0,5.0,1.2471660335768946,1.5364997188317426
10.0,13.0,15.0,5.0,1.0074423471921112,0.7067210640974615
10.0,13.0,16.0,5.0,1.4023828089339485,0.909932163216061
10.0,13.0,17.0,5.0,0.8073851700652417,3.6194134847973873
10.0,13.0,18.0,5.0,1.0695290573349328,4.093572716074119
10.0,13.0,19.0,5.0,1.228195094366588,2.078395983148008
10.0,13.0,20.0,5.0,0.7366753057359171,0.11402202500154633
10.0,13.0,21.0,5.0,0.43141564753371103,-0.004517782817636703
10.0,13.0,22.0,5.0,0.7539216141089231,0.28336460760037924
10.0,13.0,23.0,5.0,0.474531418466226,0.1478905415213129
10.0,14.0,0.0,6.0,-0.25326279487462694,-0.3601372062751858
10.0,14.0,1.0,6.0,-0.9707092231916763,-0.6988223714728516
10.0,14.0,2.0,6.0,-1.1259259985487302,-0.7834936627722681
10.0,14.0,3.0,6.0,-1.2156068020883615,-0.8173621792920346
10.0,14.0,4.0,6.0,-1.3190846523263973,-0.8173621792920346
10.0,14.0,5.0,6.0,-1.2483747879970728,-0.8173621792920346
10.0,14.0,6.0,6.0,-0.9638106998424739,-0.6818881132129683
10.0,14.0,7.0,6.0,-0.6516525182910654,-0.5802825636536686
10.0,14.0,8.0,6.0,-0.32224802836665095,-0.42787423931471896
10.0,14.0,9.0,6.0,0.24860477877984746,-0.1907946236763529
10.0,14.0,10.0,6.0,0.7849649691803339,0.08015350848177975
10.0,14.0,11.0,6.0,1.1626591225491651,0.5712469980183952
10.0,14.0,12.0,6.0,1.3782379772117401,1.8074478509898753
10.0,14.0,13.0,6.0,1.29200643534671,2.8743061213625225
10.0,14.0,14.0,6.0,1.1523113375253615,3.3823338691590212
10.0,14.0,15.0,6.0,1.5524256917791006,0.9776691962555941
10.0,14.0,16.0,6.0,1.3506438838149304,0.5543127397585119
10.0,14.0,17.0,6.0,1.2885571736721089,0.45270719019921213
10.0,14.0,18.0,6.0,1.2247458326919867,0.38497015715967897
10.0,14.0,19.0,6.0,1.2868325428348084,0.46964144845909545
10.0,14.0,20.0,6.0,0.6107772546129734,0.09708776674166304
10.0,14.0,21.0,6.0,0.4331402783710116,0.029350733702129875
10.0,14.0,22.0,6.0,0.6918349039661015,0.4865757067189787
10.0,14.0,23.0,6.0,0.5900816845653661,0.3002988658602625
10.0,15.0,0.0,6.0,-0.16703125300959698,-0.32626868975541923
10.0,15.0,1.0,6.0,-0.9155210363980572,-0.6818881132129683
10.0,15.0,2.0,6.0,-1.0828102276162153,-0.7665594045123848
10.0,15.0,3.0,6.0,-1.165592507806644,-0.8004279210321513
10.0,15.0,4.0,6.0,-1.26907035804468,-0.8173621792920346
10.0,15.0,5.0,6.0,-1.2966644514414896,-0.8173621792920346
10.0,15.0,6.0,6.0,-1.2294038487867662,-0.8173621792920346
10.0,15.0,7.0,6.0,-1.0327959333344978,-0.7157566297327349
10.0,15.0,8.0,6.0,-0.8103185553227206,-0.6310853384333185
10.0,15.0,9.0,6.0,-0.16013272966039457,-0.3601372062751858
10.0,15.0,10.0,6.0,0.4348649092083122,-0.12305759063681973
10.0,15.0,11.0,6.0,1.245441402739594,0.6728525475776949
10.0,15.0,12.0,6.0,1.4230783789815558,1.5703682353515094
10.0,15.0,13.0,6.0,1.4282522714934573,3.433136643938671
10.0,15.0,14.0,6.0,1.421353748144255,1.31635436145326
10.0,15.0,15.0,6.0,1.5558749534537017,0.7575238388771114
10.0,15.0,16.0,6.0,1.1212679824539507,0.7236553223573448
10.0,15.0,17.0,6.0,1.0695290573349328,0.3002988658602625
10.0,15.0,18.0,6.0,0.8263561092755483,0.1478905415213129
10.0,15.0,19.0,6.0,0.6866610114541997,0.08015350848177975
10.0,15.0,20.0,6.0,-0.03768394021205203,-0.24159739845600275
10.0,15.0,21.0,6.0,0.08993874174819233,-0.1569261071565863
10.0,15.0,22.0,6.0,0.1365037743553085,-0.10612333237693644
10.0,15.0,23.0,6.0,0.23825699375604387,-0.021452041077519992
10.0,16.0,0.0,1.0,-0.8620574804417386,-0.664953854953085
10.0,16.0,1.0,1.0,-1.1690417694812452,-0.7834936627722681
10.0,16.0,2.0,1.0,-1.2983890822787902,-0.8173621792920346
10.0,16.0,3.0,1.0,-1.286316666417686,-0.8173621792920346
10.0,16.0,4.0,1.0,-1.2966644514414896,-0.8173621792920346
10.0,16.0,5.0,1.0,-1.1690417694812452,-0.8173621792920346
10.0,16.0,6.0,1.0,-0.5723194997752379,-0.5633483053937853
10.0,16.0,7.0,1.0,1.0781522115214357,0.23256183282072937
10.0,16.0,8.0,1.0,0.33828558231947864,0.9438006797358276
10.0,16.0,9.0,1.0,0.7815157075057326,3.246859803079955
10.0,16.0,10.0,1.0,1.0884999965452393,1.4687626857922096
10.0,16.0,11.0,1.0,0.9281093286762836,0.16482479978119619
10.0,16.0,12.0,1.0,1.167833015061067,0.24949609108061266
10.0,16.0,13.0,1.0,1.1040216740809448,0.21562757456084608
10.0,16.0,14.0,1.0,0.9660512070968968,0.1478905415213129
10.0,16.0,15.0,1.0,0.7504723524343219,0.06321925022189646
10.0,16.0,16.0,1.0,0.9005152352794741,0.1309562832614296
10.0,16.0,17.0,1.0,1.2695862344618023,0.6389840310579283
10.0,16.0,18.0,1.0,1.064355164823031,0.24949609108061266
10.0,16.0,19.0,1.0,1.2523399260887964,0.3511016406399124
10.0,16.0,20.0,1.0,0.20548900784733248,-0.20772888193623618
10.0,16.0,21.0,1.0,-0.5912904389855445,-0.546414047133902
10.0,16.0,22.0,1.0,-0.8361880178822295,-0.6310853384333185
10.0,16.0,23.0,1.0,-1.0655639192432094,-0.7665594045123848
10.0,17.0,0.0,2.0,-1.1793895545050488,-0.7834936627722681
10.0,17.0,1.0,2.0,-1.3277078065129004,-0.8173621792920346
10.0,17.0,2.0,2.0,-1.3484033765605075,-0.8173621792920346
10.0,17.0,3.0,2.0,-1.3604757924216118,-0.8173621792920346
10.0,17.0,4.0,2.0,-1.3484033765605075,-0.8173621792920346
10.0,17.0,5.0,2.0,-1.2363023721359685,-0.8004279210321513
10.0,17.0,6.0,2.0,-0.5274790980054223,-0.5125455306141354
10.0,17.0,7.0,2.0,1.029862548077019,0.1986933163009628
10.0,17.0,8.0,2.0,0.7332260440613159,0.9946034545154774
10.0,17.0,9.0,2.0,0.7435738290851195,3.1960570283003054
10.0,17.0,10.0,2.0,1.671425219552842,1.553433977091626
10.0,17.0,11.0,2.0,1.141963552501558,0.24949609108061266
10.0,17.0,12.0,2.0,1.0384857022635219,0.16482479978119619
10.0,17.0,13.0,2.0,1.021239393890516,0.1309562832614296
10.0,17.0,14.0,2.0,0.8436024176485543,0.09708776674166304
10.0,17.0,15.0,2.0,0.6435452405216847,0.012416475442246586
10.0,17.0,16.0,2.0,0.8142836934144441,0.08015350848177975
10.0,17.0,17.0,2.0,0.8349792634620513,1.4687626857922096
10.0,17.0,18.0,2.0,1.0367610714262214,0.36803589889979565
10.0,17.0,19.0,2.0,1.1523113375253615,0.28336460760037924
10.0,17.0,20.0,2.0,0.440038801720214,-0.08918907411705315
10.0,17.0,21.0,2.0,-0.662000303314869,-0.5633483053937853
10.0,17.0,22.0,2.0,-0.7792752002513098,-0.6310853384333185
10.0,17.0,23.0,2.0,-1.015549624961492,-0.7326908879926182
10.0,18.0,0.0,3.0,-1.1759402928304477,-0.8004279210321513
10.0,18.0,1.0,3.0,-1.324258544838299,-0.8173621792920346
10.0,18.0,2.0,3.0,-1.35530189990971,-0.8173621792920346
10.0,18.0,3.0,3.0,-1.3415048532113052,-0.8173621792920346
10.0,18.0,4.0,3.0,-1.346678745723207,-0.8173621792920346
10.0,18.0,5.0,3.0,-1.2363023721359685,-0.8173621792920346
10.0,18.0,6.0,3.0,-0.5774933922871396,-0.5294797888740187
10.0,18.0,7.0,3.0,1.0764275806841352,0.21562757456084608
10.0,18.0,8.0,3.0,0.31414075059727026,0.8083266136567612
10.0,18.0,9.0,3.0,0.7539216141089231,2.9759116709218225
10.0,18.0,10.0,3.0,0.8470516793231555,1.5364997188317426
10.0,18.0,11.0,3.0,1.5110345516838861,0.45270719019921213
10.0,18.0,12.0,3.0,1.5024113974973832,0.41883867367944555
10.0,18.0,13.0,3.0,1.2782093886483052,0.28336460760037924
10.0,18.0,14.0,3.0,1.00399308551751,0.16482479978119619
10.0,18.0,15.0,3.0,0.8832689269064681,0.11402202500154633
10.0,18.0,16.0,3.0,1.0781522115214357,0.21562757456084608
10.0,18.0,17.0,3.0,0.7625447682954261,2.4001468900857903
10.0,18.0,18.0,3.0,1.136789659989656,0.8083266136567612
10.0,18.0,19.0,3.0,0.9712250996087987,2.3493441153061405
10.0,18.0,20.0,3.0,0.5072994043749374,0.24949609108061266
10.0,18.0,21.0,3.0,-0.5136820513070175,-0.5125455306141354
10.0,18.0,22.0,3.0,-0.7482318451798989,-0.6141510801734351
10.0,18.0,23.0,3.0,-0.9569121764932715,-0.6988223714728516
10.0,19.0,0.0,4.0,-1.1673171386439447,-0.8173621792920346
10.0,19.0,1.0,4.0,-1.2707949888819805,-0.8173621792920346
10.0,19.0,2.0,4.0,-1.3225339140009986,-0.8173621792920346
10.0,19.0,3.0,4.0,-1.3311570681875016,-0.8173621792920346
10.0,19.0,4.0,4.0,-1.3501280073978081,-0.8173621792920346
10.0,19.0,5.0,4.0,-1.2328531104613674,-0.8173621792920346
10.0,19.0,6.0,4.0,-0.5774933922871396,-0.5294797888740187
10.0,19.0,7.0,4.0,1.0195147630532153,0.23256183282072937
10.0,19.0,8.0,4.0,1.1661083842237663,0.8591293884364111
10.0,19.0,9.0,4.0,-0.3032770891563443,3.5686107100177376
10.0,19.0,10.0,4.0,1.5575995842910024,0.740589580617228
10.0,19.0,11.0,4.0,1.421353748144255,0.4019044154195623
10.0,19.0,12.0,4.0,1.619686294433824,0.5373784814986285
10.0,19.0,13.0,4.0,1.1730069075729688,0.28336460760037924
10.0,19.0,14.0,4.0,0.9660512070968968,0.1817590580410795
10.0,19.0,15.0,4.0,0.8711965110453639,0.1309562832614296
10.0,19.0,16.0,4.0,1.680048373739345,0.23933553612468264
10.0,19.0,17.0,4.0,1.305803482045115,0.36803589889979565
10.0,19.0,18.0,4.0,1.4334261640053592,0.7575238388771114
10.0,19.0,19.0,4.0,1.495512874148181,0.45270719019921213
10.0,19.0,20.0,4.0,0.4848792034900296,-0.07225481585716986
10.0,19.0,21.0,4.0,-0.6516525182910654,-0.5802825636536686
10.0,19.0,22.0,4.0,-0.8361880178822295,-0.664953854953085
10.0,19.0,23.0,4.0,-0.8292894945330271,-0.6310853384333185
10.0,20.0,0.0,5.0,-1.165592507806644,-0.7834936627722681
10.0,20.0,1.0,5.0,-1.2966644514414896,-0.8173621792920346
10.0,20.0,2.0,5.0,-1.3139107598144957,-0.8173621792920346
10.0,20.0,3.0,5.0,-1.3190846523263973,-0.8173621792920346
10.0,20.0,4.0,5.0,-1.3311570681875016,-0.8173621792920346
10.0,20.0,5.0,5.0,-1.1724910311558465,-0.8004279210321513
10.0,20.0,6.0,5.0,-0.4567692336760977,-0.4956112723542521
10.0,20.0,7.0,5.0,0.926384697838983,0.3511016406399124
10.0,20.0,8.0,5.0,-0.4326244019538893,2.0614617248881246
10.0,20.0,9.0,5.0,0.3745028299027912,1.8243821092497587
10.0,20.0,10.0,5.0,1.5507010609418,0.503509964978862
10.0,20.0,11.0,5.0,1.4592956265648682,0.43577293193932887
10.0,20.0,12.0,5.0,1.5369040142433952,0.45270719019921213
10.0,20.0,13.0,5.0,1.386861131398243,0.38497015715967897
10.0,20.0,14.0,5.0,1.1954271084578765,0.2664303493404959
10.0,20.0,15.0,5.0,1.1488620758507604,0.2664303493404959
10.0,20.0,16.0,5.0,1.1971517392951772,0.28336460760037924
10.0,20.0,17.0,5.0,0.9246600670016825,3.2129912865601886
10.0,20.0,18.0,5.0,1.0022684546802094,0.5373784814986285
10.0,20.0,19.0,5.0,1.012616239704013,1.5195654605718594
10.0,20.0,20.0,5.0,0.9919206696564058,0.1817590580410795
10.0,20.0,21.0,5.0,0.31069148892266907,-0.13999184889670302
10.0,20.0,22.0,5.0,-0.3446682292515587,-0.4786770140943688
10.0,20.0,23.0,5.0,-0.817217078671923,-0.6310853384333185
10.0,21.0,0.0,6.0,-0.9620860690051733,-0.7157566297327349
10.0,21.0,1.0,6.0,-1.1328245218979327,-0.7665594045123848
10.0,21.0,2.0,6.0,-1.1793895545050488,-0.8004279210321513
10.0,21.0,3.0,6.0,-1.2725196197192812,-0.8173621792920346
10.0,21.0,4.0,6.0,-1.3139107598144957,-0.8173621792920346
10.0,21.0,5.0,6.0,-1.2707949888819805,-0.8004279210321513
10.0,21.0,6.0,6.0,-1.3001137131160907,-0.8004279210321513
10.0,21.0,7.0,6.0,-1.3759974699573172,-0.8173621792920346
10.0,21.0,8.0,6.0,-1.381171362469219,-0.8173621792920346
10.0,21.0,9.0,6.0,-1.2673457272073794,-0.7665594045123848
10.0,21.0,10.0,6.0,-1.2535486805089746,-0.664953854953085
10.0,21.0,11.0,6.0,0.6245743013113781,-0.021452041077519992
10.0,21.0,12.0,6.0,1.1557605991999627,0.24949609108061266
10.0,21.0,13.0,6.0,1.283383281160207,0.3341673823800291
10.0,21.0,14.0,6.0,1.1523113375253615,0.2664303493404959
10.0,21.0,15.0,6.0,1.1971517392951772,0.28336460760037924
10.0,21.0,16.0,6.0,1.2006010009697783,0.2664303493404959
10.0,21.0,17.0,6.0,1.098847781569043,0.5204442232387453
10.0,21.0,18.0,6.0,0.9367324828627867,0.6051155145381617
10.0,21.0,19.0,6.0,1.2126734168308826,0.6220497727980451
10.0,21.0,20.0,6.0,0.4883284651646308,-0.021452041077519992
10.0,21.0,21.0,6.0,-0.2515381640373264,-0.3940057227949524
10.0,21.0,22.0,6.0,-0.5326529905173241,-0.4956112723542521
10.0,21.0,23.0,6.0,-0.6068121165212498,-0.546414047133902
10.0,22.0,0.0,6.0,-0.8568835879298368,-0.6480195966932017
10.0,22.0,1.0,6.0,-1.1121289518503255,-0.8004279210321513
10.0,22.0,2.0,6.0,-1.1069550593384236,-0.7665594045123848
10.0,22.0,3.0,6.0,-1.2121575404137601,-0.8173621792920346
10.0,22.0,4.0,6.0,-1.3173600214890968,-0.8173621792920346
10.0,22.0,5.0,6.0,-1.2914905589295878,-0.8173621792920346
10.0,22.0,6.0,6.0,-1.131099891060632,-0.7834936627722681
10.0,22.0,7.0,6.0,-0.8948254663504499,-0.6141510801734351
10.0,22.0,8.0,6.0,-0.9327673447710632,-0.5802825636536686
10.0,22.0,9.0,6.0,-0.5102327896324163,-0.4956112723542521
10.0,22.0,10.0,6.0,0.1606486060775169,-0.24159739845600275
10.0,22.0,11.0,6.0,0.9160369128151794,0.11402202500154633
10.0,22.0,12.0,6.0,0.857399464346959,0.08015350848177975
10.0,22.0,13.0,6.0,1.3713394538625376,0.36803589889979565
10.0,22.0,14.0,6.0,0.9970945621683076,0.1478905415213129
10.0,22.0,15.0,6.0,0.8453270484858548,0.04628499196201317
10.0,22.0,16.0,6.0,0.8901674502556705,0.06321925022189646
10.0,22.0,17.0,6.0,0.8039359083906404,0.06321925022189646
10.0,22.0,18.0,6.0,0.8332546326247506,0.029350733702129875
10.0,22.0,19.0,6.0,0.7677186608073279,0.08015350848177975
10.0,22.0,20.0,6.0,-0.4826386962356067,-0.5294797888740187
10.0,22.0,21.0,6.0,-0.6223337940569552,-0.5633483053937853
10.0,22.0,22.0,6.0,-1.006926470774989,-0.7157566297327349
10.0,22.0,23.0,6.0,-1.1086796901757243,-0.7665594045123848
10.0,23.0,0.0,1.0,-1.260447203858177,-0.8173621792920346
10.0,23.0,1.0,1.0,-1.3277078065129004,-0.8173621792920346
10.0,23.0,2.0,1.0,-1.3501280073978081,-0.8173621792920346
10.0,23.0,3.0,1.0,-1.3484033765605075,-0.8173621792920346
10.0,23.0,4.0,1.0,-1.320809283163698,-0.8173621792920346
10.0,23.0,5.0,1.0,-1.0983319051519207,-0.7496251462525014
10.0,23.0,6.0,1.0,-0.4274505094419875,-0.4786770140943688
10.0,23.0,7.0,1.0,1.360991668838734,0.38497015715967897
10.0,23.0,8.0,1.0,0.8091098009025423,1.4687626857922096
10.0,23.0,9.0,1.0,0.6935595348034022,3.365399610899138
10.0,23.0,10.0,1.0,1.4506724723783653,0.46964144845909545
10.0,23.0,11.0,1.0,0.9005152352794741,0.11402202500154633
10.0,23.0,12.0,1.0,0.9367324828627867,0.11402202500154633
10.0,23.0,13.0,1.0,1.1402389216642574,0.21562757456084608
10.0,23.0,14.0,1.0,0.6659654414065925,0.012416475442246586
10.0,23.0,15.0,1.0,0.5883570537280656,-0.038386299337403285
10.0,23.0,16.0,1.0,1.0229640247278167,0.21562757456084608
10.0,23.0,17.0,1.0,0.9401817445373878,1.2824858449334933
10.0,23.0,18.0,1.0,1.317875897906219,0.5543127397585119
10.0,23.0,19.0,1.0,1.1126448282674477,0.6559182893178116
10.0,23.0,20.0,1.0,0.07614169504978753,-0.27546591497576933
10.0,23.0,21.0,1.0,-0.6464786257791636,-0.5972168219135519
10.0,23.0,22.0,1.0,-0.9051732513742535,-0.6988223714728516
10.0,23.0,23.0,1.0,-1.1155782135249266,-0.7834936627722681
10.0,24.0,0.0,2.0,-1.2483747879970728,-0.8173621792920346
10.0,24.0,1.0,2.0,-1.3052876056279925,-0.8173621792920346
10.0,24.0,2.0,2.0,-1.3501280073978081,-0.8173621792920346
10.0,24.0,3.0,2.0,-1.3622004232589124,-0.8173621792920346
10.0,24.0,4.0,2.0,-1.3449541148859063,-0.8173621792920346
10.0,24.0,5.0,2.0,-1.0983319051519207,-0.7665594045123848
10.0,24.0,6.0,2.0,-0.3532913834380617,-0.4448084975746022
10.0,24.0,7.0,2.0,1.4679187807513712,0.45270719019921213
10.0,24.0,8.0,2.0,0.041649078303775545,1.0623404875550106
10.0,24.0,9.0,2.0,1.5024113974973832,4.076638457814236
10.0,24.0,10.0,2.0,1.360991668838734,0.5204442232387453
10.0,24.0,11.0,2.0,0.9488048987238908,0.16482479978119619
10.0,24.0,12.0,2.0,1.0177901322159149,0.1309562832614296
10.0,24.0,13.0,2.0,0.9108630203032776,0.11402202500154633
10.0,24.0,14.0,2.0,0.7383999365732177,0.012416475442246586
10.0,24.0,15.0,2.0,0.681487118942298,0.029350733702129875
10.0,24.0,16.0,2.0,1.009166978029412,0.1986933163009628
10.0,24.0,17.0,2.0,0.9660512070968968,0.9268664214759442
10.0,24.0,18.0,2.0,1.1350650291523556,1.197814553634077
10.0,24.0,19.0,2.0,1.0488334872873255,1.1808802953741937
10.0,24.0,20.0,2.0,0.27102497966475525,-0.1738603654164696
10.0,24.0,21.0,2.0,-0.5274790980054223,-0.5294797888740187
10.0,24.0,22.0,2.0,-0.8413619103941313,-0.664953854953085
10.0,24.0,23.0,2.0,-1.0690131809178105,-0.7496251462525014
10.0,25.0,0.0,3.0,-1.2535486805089746,-0.8173621792920346
10.0,25.0,1.0,3.0,-1.3346063298621027,-0.8173621792920346
10.0,25.0,2.0,3.0,-1.3328816990248022,-0.8173621792920346
10.0,25.0,3.0,3.0,-1.3708235774454154,-0.8173621792920346
10.0,25.0,4.0,3.0,-1.3535772690724093,-0.8173621792920346
10.0,25.0,5.0,3.0,-1.1121289518503255,-0.7834936627722681
10.0,25.0,6.0,3.0,-0.29120467329524014,-0.42787423931471896
10.0,25.0,7.0,3.0,1.3989335472593472,0.41883867367944555
10.0,25.0,8.0,3.0,0.4383141708829134,1.3502228779730265
10.0,25.0,9.0,3.0,1.5696720001521065,3.060582962221239
10.0,25.0,10.0,3.0,0.995369931331007,0.7744580971369946
10.0,25.0,11.0,3.0,1.0160655013786142,0.1817590580410795
10.0,25.0,12.0,3.0,1.029862548077019,0.16482479978119619
10.0,25.0,13.0,3.0,1.7197148829972588,0.23933553612468264
10.0,25.0,14.0,3.0,0.8798196652318668,0.11402202500154633
10.0,25.0,15.0,3.0,1.0264132864024178,0.1478905415213129
10.0,25.0,16.0,3.0,1.133340398315055,0.28336460760037924
10.0,25.0,17.0,3.0,1.1609344917118645,3.7379532926165706
10.0,25.0,18.0,3.0,0.5607629603312559,4.110506974334003
10.0,25.0,19.0,3.0,1.0005438238429087,2.535620956164857
10.0,25.0,20.0,3.0,0.06924317170058514,-0.27546591497576933
10.0,25.0,21.0,3.0,-0.5567978222395324,-0.5125455306141354
10.0,25.0,22.0,3.0,-0.8103185553227206,-0.6480195966932017
10.0,25.0,23.0,3.0,-1.027622040822596,-0.6988223714728516
10.0,26.0,0.0,4.0,-1.1604186152947422,-0.8004279210321513
10.0,26.0,1.0,4.0,-1.312186128977195,-0.8173621792920346
10.0,26.0,2.0,4.0,-1.329432437350201,-0.8173621792920346
10.0,26.0,3.0,4.0,-1.35530189990971,-0.8173621792920346
10.0,26.0,4.0,4.0,-1.3173600214890968,-0.8173621792920346
10.0,26.0,5.0,4.0,-1.131099891060632,-0.7834936627722681
10.0,26.0,6.0,4.0,-0.4015810468824785,-0.4448084975746022
10.0,26.0,7.0,4.0,1.4541217340529664,0.45270719019921213
10.0,26.0,8.0,4.0,0.8694718802080632,2.1291987579276577
10.0,26.0,9.0,4.0,1.0884999965452393,3.1113857370008886
10.0,26.0,10.0,4.0,1.0609059031484298,0.7067210640974615
10.0,26.0,11.0,4.0,1.3247744212554216,0.3341673823800291
10.0,26.0,12.0,4.0,1.1609344917118645,0.1986933163009628
10.0,26.0,13.0,4.0,1.2419921410649928,0.3002988658602625
10.0,26.0,14.0,4.0,0.6987334273153039,-0.004517782817636703
10.0,26.0,15.0,4.0,0.926384697838983,0.09708776674166304
10.0,26.0,16.0,4.0,1.3316729446046238,0.36803589889979565
10.0,26.0,17.0,4.0,0.3831259840892942,4.059704199554353
10.0,26.0,18.0,4.0,0.336560951482178,5.3975106020851324
10.0,26.0,19.0,4.0,1.210948785993582,1.502631202311976
10.0,26.0,20.0,4.0,0.2986190730615649,-0.1569261071565863
10.0,26.0,21.0,4.0,-0.6654495649894702,-0.5972168219135519
10.0,26.0,22.0,4.0,-0.8775791579774439,-0.664953854953085
10.0,26.0,23.0,4.0,-1.0258974099852955,-0.7496251462525014
10.0,27.0,0.0,5.0,-1.139723045247135,-0.7834936627722681
10.0,27.0,1.0,5.0,-1.3415048532113052,-0.8173621792920346
10.0,27.0,2.0,5.0,-1.3139107598144957,-0.8173621792920346
10.0,27.0,3.0,5.0,-1.3518526382351088,-0.8173621792920346
10.0,27.0,4.0,5.0,-1.3432294840486059,-0.8173621792920346
10.0,27.0,5.0,5.0,-1.2190560637629626,-0.8004279210321513
10.0,27.0,6.0,5.0,-0.618884532382354,-0.546414047133902
10.0,27.0,7.0,5.0,1.0436595947754237,0.24949609108061266
10.0,27.0,8.0,5.0,1.1091955665928466,1.1300775205945437
10.0,27.0,9.0,5.0,0.8108344317398428,3.060582962221239
10.0,27.0,10.0,5.0,1.72316414467186,1.4518284275323263
10.0,27.0,11.0,5.0,1.2592384494379987,0.28336460760037924
10.0,27.0,12.0,5.0,1.4420493181918623,0.41883867367944555
10.0,27.0,13.0,5.0,1.559324215128303,0.46964144845909545
10.0,27.0,14.0,5.0,1.2971803278586118,0.3172331241201458
10.0,27.0,15.0,5.0,1.2661369727872012,0.28336460760037924
10.0,27.0,16.0,5.0,1.141963552501558,0.21562757456084608
10.0,27.0,17.0,5.0,0.7263275207121135,2.942043154402056
10.0,27.0,18.0,5.0,0.9384571137000872,2.5694894726846234
10.0,27.0,19.0,5.0,1.3230497904181209,1.604236751871276
10.0,27.0,20.0,5.0,0.9712250996087987,0.1986933163009628
10.0,27.0,21.0,5.0,0.08648948007359113,-0.27546591497576933
10.0,27.0,22.0,5.0,-0.27568299575953475,-0.4448084975746022
10.0,27.0,23.0,5.0,-0.5947397006601456,-0.546414047133902
10.0,28.0,0.0,6.0,-0.6482032566164642,-0.5802825636536686
10.0,28.0,1.0,6.0,-1.0224481483106942,-0.7326908879926182
10.0,28.0,2.0,6.0,-1.1414476760844356,-0.8173621792920346
10.0,28.0,3.0,6.0,-1.2552733113462753,-0.8173621792920346
10.0,28.0,4.0,6.0,-1.3139107598144957,-0.8173621792920346
10.0,28.0,5.0,6.0,-1.3001137131160907,-0.8173621792920346
10.0,28.0,6.0,6.0,-1.0569407650567062,-0.7496251462525014
10.0,28.0,7.0,6.0,-0.8051446628108188,-0.6141510801734351
10.0,28.0,8.0,6.0,-0.575768761449839,-0.546414047133902
10.0,28.0,9.0,6.0,0.21756142370843667,-0.22466314019611947
10.0,28.0,10.0,6.0,0.8987906044421734,0.1309562832614296
10.0,28.0,11.0,6.0,0.9643265762595962,0.1478905415213129
10.0,28.0,12.0,6.0,1.602439986060818,0.5204442232387453
10.0,28.0,13.0,6.0,1.5455271684298981,2.027593208368358
10.0,28.0,14.0,6.0,1.2006010009697783,2.8912403796224058
10.0,28.0,15.0,6.0,1.3903103930728442,0.46964144845909545
10.0,28.0,16.0,6.0,1.4506724723783653,0.4019044154195623
10.0,28.0,17.0,6.0,1.2040502626443794,0.23256183282072937
10.0,28.0,18.0,6.0,1.2040502626443794,0.2664303493404959
10.0,28.0,19.0,6.0,1.2816586503229066,0.28336460760037924
10.0,28.0,20.0,6.0,0.586632422890765,0.012416475442246586
10.0,28.0,21.0,6.0,0.1347791435180079,-0.24159739845600275
10.0,28.0,22.0,6.0,-0.14806031379929038,-0.37707146453506907
10.0,28.0,23.0,6.0,-0.17910366887070117,-0.37707146453506907
10.0,29.0,0.0,6.0,-0.6016382240093481,-0.5633483053937853
10.0,29.0,1.0,6.0,-0.8724052654655421,-0.6818881132129683
10.0,29.0,2.0,6.0,-1.0741870734297123,-0.7834936627722681
10.0,29.0,3.0,6.0,-1.1293752602233313,-0.8004279210321513
10.0,29.0,4.0,6.0,-1.1931866012034535,-0.8173621792920346
10.0,29.0,5.0,6.0,-1.320809283163698,-0.8173621792920346
10.0,29.0,6.0,6.0,-1.2811427739057841,-0.8173621792920346
10.0,29.0,7.0,6.0,-1.131099891060632,-0.8004279210321513
10.0,29.0,8.0,6.0,-0.8206663403465242,-0.6480195966932017
10.0,29.0,9.0,6.0,-0.3101756125055467,-0.41093998105483565
10.0,29.0,10.0,6.0,0.22618457789493968,-0.20772888193623618
10.0,29.0,11.0,6.0,0.822906847600947,0.09708776674166304
10.0,29.0,12.0,6.0,0.8591240951842597,0.08015350848177975
10.0,29.0,13.0,6.0,1.4868897199616777,1.3332886197131433
10.0,29.0,14.0,6.0,1.1454128141761593,0.21562757456084608
10.0,29.0,15.0,6.0,1.116094089942049,0.1986933163009628
10.0,29.0,16.0,6.0,1.1298911366404538,0.2664303493404959
10.0,29.0,17.0,6.0,0.9246600670016825,0.09708776674166304
10.0,29.0,18.0,6.0,0.8953413427675723,0.09708776674166304
10.0,29.0,19.0,6.0,0.5849077920534643,-0.055320557597286574
10.0,29.0,20.0,6.0,-0.32052339752935033,-0.42787423931471896
10.0,29.0,21.0,6.0,-0.5154066821443181,-0.5294797888740187
10.0,29.0,22.0,6.0,-0.8413619103941313,-0.664953854953085
10.0,29.0,23.0,6.0,-1.084534858453516,-0.7496251462525014
10.0,30.0,0.0,1.0,-1.2414762646478703,-0.8173621792920346
10.0,30.0,1.0,1.0,-1.312186128977195,-0.8173621792920346
10.0,30.0,2.0,1.0,-1.338055591536704,-0.8173621792920346
10.0,30.0,3.0,1.0,-1.3501280073978081,-0.8173621792920346
10.0,30.0,4.0,1.0,-1.3328816990248022,-0.8173621792920346
10.0,30.0,5.0,1.0,-1.1517954611082393,-0.7665594045123848
10.0,30.0,6.0,1.0,-0.4274505094419875,-0.4786770140943688
10.0,30.0,7.0,1.0,1.0057177163548106,0.46964144845909545
10.0,30.0,8.0,1.0,0.05544612500218034,2.772700571803223
10.0,30.0,9.0,1.0,0.6987334273153039,3.060582962221239
10.0,30.0,10.0,1.0,1.4420493181918623,0.4019044154195623
10.0,30.0,11.0,1.0,0.7332260440613159,0.029350733702129875
10.0,30.0,12.0,1.0,1.5179330750330886,0.11740887665352304
10.0,30.0,13.0,1.0,0.9539787912357927,0.1817590580410795
10.0,30.0,14.0,1.0,0.7383999365732177,0.06321925022189646
10.0,30.0,15.0,1.0,0.891892081092971,0.06321925022189646
10.0,30.0,16.0,1.0,1.1643837533864658,0.2664303493404959
10.0,30.0,17.0,1.0,0.8608487260215603,1.5703682353515094
10.0,30.0,18.0,1.0,1.228195094366588,0.6728525475776949
10.0,30.0,19.0,1.0,0.8763704035572657,0.09708776674166304
10.0,30.0,20.0,1.0,0.017504246581567153,-0.3093344314955359
10.0,30.0,21.0,1.0,-0.5378268830292259,-0.546414047133902
10.0,30.0,22.0,1.0,-0.8655067421163397,-0.6818881132129683
10.0,30.0,23.0,1.0,-1.0948826434773196,-0.7834936627722681
10.0,31.0,0.0,2.0,-1.2397516338105699,-0.8173621792920346
10.0,31.0,1.0,2.0,-1.3087368673025939,-0.8173621792920346
10.0,31.0,2.0,2.0,-1.346678745723207,-0.8173621792920346
10.0,31.0,3.0,2.0,-1.3673743157708143,-0.8173621792920346
10.0,31.0,4.0,2.0,-1.3432294840486059,-0.8173621792920346
10.0,31.0,5.0,2.0,-1.0948826434773196,-0.7496251462525014
10.0,31.0,6.0,2.0,-0.3774362151602701,-0.46174275583448554
10.0,31.0,7.0,2.0,0.8091098009025423,0.5881812562782784
10.0,31.0,8.0,2.0,-0.6137106398704523,2.6880292805038066
10.0,31.0,9.0,2.0,0.17789491445052288,3.5686107100177376
10.0,31.0,10.0,2.0,1.461020257402169,0.4865757067189787
10.0,31.0,11.0,2.0,0.7970373850414381,0.04628499196201317
10.0,31.0,12.0,2.0,0.8677472493707626,0.09708776674166304
10.0,31.0,13.0,2.0,0.8004866467160393,0.11402202500154633
10.0,31.0,14.0,2.0,0.7177043665256105,0.06321925022189646
10.0,31.0,15.0,2.0,0.9763989921207004,0.1478905415213129
10.0,31.0,16.0,2.0,0.9677758379341974,0.16482479978119619
10.0,31.0,17.0,2.0,0.18824269947432648,4.262915298672953
10.0,31.0,18.0,2.0,0.4245171241845086,4.432257881271785
10.0,31.0,19.0,2.0,0.8660226185334621,0.1309562832614296
10.0,31.0,20.0,2.0,-0.28085688827143657,-0.3601372062751858
10.0,31.0,21.0,2.0,-0.4998850046086127,-0.46174275583448554
10.0,31.0,22.0,2.0,-0.7016668125727827,-0.5802825636536686
10.0,31.0,23.0,2.0,-0.8396372795568308,-0.6818881132129683
11.0,2.0,0.0,4.0,-1.2966644514414896,-0.8173621792920346
11.0,2.0,1.0,4.0,-1.3018383439533914,-0.8173621792920346
11.0,2.0,2.0,4.0,-1.3173600214890968,-0.8173621792920346
11.0,2.0,3.0,4.0,-1.363925054096213,-0.8173621792920346
11.0,2.0,4.0,4.0,-1.3432294840486059,-0.8173621792920346
11.0,2.0,5.0,4.0,-1.0897087509654177,-0.7665594045123848
11.0,2.0,6.0,4.0,-0.24119037901352275,-0.3940057227949524
11.0,2.0,7.0,4.0,0.7470230907597207,0.7744580971369946
11.0,2.0,8.0,4.0,1.5748458926640083,4.516929172571201
11.0,2.0,9.0,4.0,1.179905430922171,4.1274412325938865
11.0,2.0,10.0,4.0,0.9505295295611914,0.6897868058375782
11.0,2.0,11.0,4.0,0.9591526837476945,0.16482479978119619
11.0,2.0,12.0,4.0,1.1988763701324778,0.24949609108061266
11.0,2.0,13.0,4.0,1.2523399260887964,0.24949609108061266
11.0,2.0,14.0,4.0,1.1505867066880608,0.2664303493404959
11.0,2.0,15.0,4.0,1.0833261040333375,0.23256183282072937
11.0,2.0,16.0,4.0,1.46446951907677,0.4019044154195623
11.0,2.0,17.0,4.0,0.552139806144753,4.516929172571201
11.0,2.0,18.0,4.0,0.5900816845653661,4.533863430831085
11.0,2.0,19.0,4.0,0.5745600070296607,3.6363477430572706
11.0,2.0,20.0,4.0,0.03130129327997195,-0.27546591497576933
11.0,2.0,21.0,4.0,-0.49471111209671087,-0.4956112723542521
11.0,2.0,22.0,4.0,-0.6982175508981816,-0.6141510801734351
11.0,2.0,23.0,4.0,-0.9586368073305721,-0.6988223714728516
11.0,3.0,0.0,5.0,-1.1638678769693434,-0.8004279210321513
11.0,3.0,1.0,5.0,-1.2794181430684837,-0.8173621792920346
11.0,3.0,2.0,5.0,-1.338055591536704,-0.8173621792920346
11.0,3.0,3.0,5.0,-1.3346063298621027,-0.8173621792920346
11.0,3.0,4.0,5.0,-1.3328816990248022,-0.8173621792920346
11.0,3.0,5.0,5.0,-1.1259259985487302,-0.7834936627722681
11.0,3.0,6.0,5.0,-0.4498707103268953,-0.4956112723542521
11.0,3.0,7.0,5.0,1.404107439771249,0.4019044154195623
11.0,3.0,8.0,5.0,-0.8016954011362175,3.0436487039613556
11.0,3.0,9.0,5.0,0.04854760165297794,2.78624797841113
11.0,3.0,10.0,5.0,0.33483632064487745,0.4244834264327399
11.0,3.0,11.0,5.0,1.2264704635292873,0.24949609108061266
11.0,3.0,12.0,5.0,1.3471946221403293,0.3341673823800291
11.0,3.0,13.0,5.0,1.5627734768029042,0.43577293193932887
11.0,3.0,14.0,5.0,1.09022462738254,0.23256183282072937
11.0,3.0,15.0,5.0,1.20577489348168,0.3002988658602625
11.0,3.0,16.0,5.0,1.429976902330758,0.46964144845909545
11.0,3.0,17.0,5.0,0.5538644369820536,4.669337496910151
11.0,3.0,18.0,5.0,0.9539787912357927,2.9928459291817058
11.0,3.0,19.0,5.0,0.8642979876961615,1.1921698008807826
11.0,3.0,20.0,5.0,1.0350364405889207,0.1986933163009628
11.0,3.0,21.0,5.0,0.1847934377997253,-0.22466314019611947
11.0,3.0,22.0,5.0,-0.20497313143021018,-0.3940057227949524
11.0,3.0,23.0,5.0,-0.49471111209671087,-0.5125455306141354
11.0,4.0,0.0,6.0,-0.7827244619259109,-0.6141510801734351
11.0,4.0,1.0,6.0,-1.087984120128117,-0.7665594045123848
11.0,4.0,2.0,6.0,-1.1949112320407542,-0.8173621792920346
11.0,4.0,3.0,6.0,-1.2569979421835757,-0.8173621792920346
11.0,4.0,4.0,6.0,-1.3225339140009986,-0.8173621792920346
11.0,4.0,5.0,6.0,-1.303562974790692,-0.8173621792920346
11.0,4.0,6.0,6.0,-1.156969353620141,-0.7834936627722681
11.0,4.0,7.0,6.0,-0.8327387562076284,-0.664953854953085
11.0,4.0,8.0,6.0,-0.5826672847990414,-0.546414047133902
11.0,4.0,9.0,6.0,0.4417634325575146,-0.08918907411705315
11.0,4.0,10.0,6.0,0.5745600070296607,-0.07225481585716986
11.0,4.0,11.0,6.0,0.9401817445373878,0.1309562832614296
11.0,4.0,12.0,6.0,1.2816586503229066,0.3002988658602625
11.0,4.0,13.0,6.0,1.4489478415410646,0.3341673823800291
11.0,4.0,14.0,6.0,1.3592670380014336,0.36803589889979565
11.0,4.0,15.0,6.0,1.274760126973704,0.3002988658602625
11.0,4.0,16.0,6.0,1.2506152952514957,0.3002988658602625
11.0,4.0,17.0,6.0,1.2350936177157903,0.24949609108061266
11.0,4.0,18.0,6.0,0.9453556370492896,0.6051155145381617
11.0,4.0,19.0,6.0,0.9143122819778788,0.6389840310579283
11.0,4.0,20.0,6.0,0.7004580581526045,0.012416475442246586
11.0,4.0,21.0,6.0,0.1606486060775169,-0.24159739845600275
11.0,4.0,22.0,6.0,-0.28775541162063895,-0.42787423931471896
11.0,4.0,23.0,6.0,-0.4826386962356067,-0.4786770140943688
11.0,7.0,0.0,2.0,-1.2707949888819805,-0.8173621792920346
11.0,7.0,1.0,2.0,-1.324258544838299,-0.8173621792920346
11.0,7.0,2.0,2.0,-1.3518526382351088,-0.8173621792920346
11.0,7.0,3.0,2.0,-1.363925054096213,-0.8173621792920346
11.0,7.0,4.0,2.0,-1.320809283163698,-0.8173621792920346
11.0,7.0,5.0,2.0,-1.062114657568608,-0.7496251462525014
11.0,7.0,6.0,2.0,-0.24808890236272516,-0.41093998105483565
11.0,7.0,7.0,2.0,0.5935309462399674,0.6728525475776949
11.0,7.0,8.0,2.0,-0.7154638592711876,3.009780187441589
11.0,7.0,9.0,2.0,0.8004866467160393,0.7913923553968779
11.0,7.0,10.0,2.0,1.4420493181918623,0.3341673823800291
11.0,7.0,11.0,2.0,1.5369040142433952,0.1309562832614296
11.0,7.0,12.0,2.0,0.8849935577437686,0.06321925022189646
11.0,7.0,13.0,2.0,1.0195147630532153,0.16482479978119619
11.0,7.0,14.0,2.0,0.7004580581526045,0.029350733702129875
11.0,7.0,15.0,2.0,1.3730640846998383,0.09031406343770974
11.0,7.0,16.0,2.0,1.3558177763268322,0.41883867367944555
11.0,7.0,17.0,2.0,0.9936453004937064,3.5178079352380878
11.0,7.0,18.0,2.0,0.7711679224819291,3.8734273586956367
11.0,7.0,19.0,2.0,1.0350364405889207,0.23256183282072937
11.0,7.0,20.0,2.0,-0.015263739327144237,-0.3093344314955359
11.0,7.0,21.0,2.0,-0.46021849535069886,-0.4956112723542521
11.0,7.0,22.0,2.0,-0.8051446628108188,-0.6480195966932017
11.0,7.0,23.0,2.0,-1.0862594892908164,-0.7496251462525014
11.0,8.0,0.0,3.0,-1.2759688813938823,-0.8173621792920346
11.0,8.0,1.0,3.0,-1.2707949888819805,-0.8173621792920346
11.0,8.0,2.0,3.0,-1.3484033765605075,-0.8173621792920346
11.0,8.0,3.0,3.0,-1.3328816990248022,-0.8173621792920346
11.0,8.0,4.0,3.0,-1.3484033765605075,-0.8173621792920346
11.0,8.0,5.0,3.0,-1.2449255263224717,-0.8173621792920346
11.0,8.0,6.0,3.0,-0.5343776213546246,-0.5125455306141354
11.0,8.0,7.0,3.0,0.8125590625771435,0.28336460760037924
11.0,8.0,8.0,3.0,0.07269243337518633,1.7397108179503422
11.0,8.0,9.0,3.0,-0.3946825235332761,3.0944514787410053
11.0,8.0,10.0,3.0,0.9315585903508848,0.6051155145381617
11.0,8.0,11.0,3.0,1.0712536881722334,0.21562757456084608
11.0,8.0,12.0,3.0,1.1091955665928466,0.21562757456084608
11.0,8.0,13.0,3.0,0.9850221463072034,0.16482479978119619
11.0,8.0,14.0,3.0,0.7039073198272057,0.029350733702129875
11.0,8.0,15.0,3.0,0.7590955066208249,0.029350733702129875
11.0,8.0,16.0,3.0,1.1730069075729688,0.28336460760037924
11.0,8.0,17.0,3.0,0.9367324828627867,2.2985413405264907
11.0,8.0,18.0,3.0,-0.03768394021205203,5.058825436887466
11.0,8.0,19.0,3.0,0.7383999365732177,2.3324098570462573
11.0,8.0,20.0,3.0,0.388299876601196,-0.08918907411705315
11.0,8.0,21.0,3.0,-0.3619145376245647,-0.42787423931471896
11.0,8.0,22.0,3.0,-0.7275362751322918,-0.6141510801734351
11.0,8.0,23.0,3.0,-1.027622040822596,-0.7326908879926182
11.0,9.0,0.0,4.0,-1.1707664003185458,-0.8004279210321513
11.0,9.0,1.0,4.0,-1.2794181430684837,-0.8173621792920346
11.0,9.0,2.0,4.0,-1.3363309606994034,-0.8173621792920346
11.0,9.0,3.0,4.0,-1.358751161584311,-0.8173621792920346
11.0,9.0,4.0,4.0,-1.346678745723207,-0.8173621792920346
11.0,9.0,5.0,4.0,-1.2035343862272572,-0.8004279210321513
11.0,9.0,6.0,4.0,-0.6551017799656667,-0.5972168219135519
11.0,9.0,7.0,4.0,0.8022112775533399,0.28336460760037924
11.0,9.0,8.0,4.0,-0.18772682305720417,1.9429219170689416
11.0,9.0,9.0,4.0,-1.0897087509654177,3.7379532926165706
11.0,9.0,10.0,4.0,1.2178473093427844,1.1300775205945437
11.0,9.0,11.0,4.0,0.9470802678865903,0.1309562832614296
11.0,9.0,12.0,4.0,1.1298911366404538,0.21562757456084608
11.0,9.0,13.0,4.0,1.1040216740809448,0.1817590580410795
11.0,9.0,14.0,4.0,1.0453842256127244,0.16482479978119619
11.0,9.0,15.0,4.0,1.1143694591047484,0.23256183282072937
11.0,9.0,16.0,4.0,1.314426636231618,0.3172331241201458
11.0,9.0,17.0,4.0,1.3575424071641329,2.5186866979049736
11.0,9.0,18.0,4.0,1.3696148230252372,2.942043154402056
11.0,9.0,19.0,4.0,0.9729497304460992,3.5516764517578543
11.0,9.0,20.0,4.0,0.6107772546129734,-0.1941814753283296
11.0,9.0,21.0,4.0,-0.3791608459975707,-0.46174275583448554
11.0,9.0,22.0,4.0,-0.5102327896324163,-0.4956112723542521
11.0,9.0,23.0,4.0,-0.8534343262552355,-0.6310853384333185
11.0,10.0,0.0,5.0,-1.084534858453516,-0.7665594045123848
11.0,10.0,1.0,5.0,-1.251824049671674,-0.8173621792920346
11.0,10.0,2.0,5.0,-1.312186128977195,-0.8173621792920346
11.0,10.0,3.0,5.0,-1.312186128977195,-0.8173621792920346
11.0,10.0,4.0,5.0,-1.3156353906517961,-0.8173621792920346
11.0,10.0,5.0,5.0,-1.1500708302709386,-0.8004279210321513
11.0,10.0,6.0,5.0,-0.5671456072633361,-0.5802825636536686
11.0,10.0,7.0,5.0,1.2437167719022932,0.2664303493404959
11.0,10.0,8.0,5.0,-0.575768761449839,1.0962090040747772
11.0,10.0,9.0,5.0,0.728052151549414,0.7744580971369946
11.0,10.0,10.0,5.0,1.2954556970213114,0.3002988658602625
11.0,10.0,11.0,5.0,1.2385428793903914,0.3002988658602625
11.0,10.0,12.0,5.0,1.3592670380014336,0.3172331241201458
11.0,10.0,13.0,5.0,1.0264132864024178,0.1817590580410795
11.0,10.0,14.0,5.0,1.0281379172397185,0.1986933163009628
11.0,10.0,15.0,5.0,1.3299483137673234,0.3172331241201458
11.0,10.0,16.0,5.0,1.4782665657751748,0.41883867367944555
11.0,10.0,17.0,5.0,1.2644123419499005,3.6871505178369204
11.0,10.0,18.0,5.0,0.9419063753746885,0.740589580617228
11.0,10.0,19.0,5.0,1.2230212018546862,2.315475598786374
11.0,10.0,20.0,5.0,0.5935309462399674,-0.038386299337403285
11.0,10.0,21.0,5.0,-0.1377125287754868,-0.3432029480153025
11.0,10.0,22.0,5.0,-0.3826101076721719,-0.4786770140943688
11.0,10.0,23.0,5.0,-0.6171599015450534,-0.5802825636536686
11.0,11.0,0.0,6.0,-0.8758545271401433,-0.6818881132129683
11.0,11.0,1.0,6.0,-1.0483176108702033,-0.7496251462525014
11.0,11.0,2.0,6.0,-1.1638678769693434,-0.8173621792920346
11.0,11.0,3.0,6.0,-1.2759688813938823,-0.8173621792920346
11.0,11.0,4.0,6.0,-1.3277078065129004,-0.8173621792920346
11.0,11.0,5.0,6.0,-1.251824049671674,-0.8004279210321513
11.0,11.0,6.0,6.0,-1.09660727431462,-0.8004279210321513
11.0,11.0,7.0,6.0,-0.713739228433887,-0.5972168219135519
11.0,11.0,8.0,6.0,-0.29120467329524014,-0.3940057227949524
11.0,11.0,9.0,6.0,0.20548900784733248,-0.25853165671588607
11.0,11.0,10.0,6.0,0.62974819382328,-0.07225481585716986
11.0,11.0,11.0,6.0,0.9229354361643818,0.09708776674166304
11.0,11.0,12.0,6.0,1.2506152952514957,0.38497015715967897
11.0,11.0,13.0,6.0,1.386861131398243,0.3341673823800291
11.0,11.0,14.0,6.0,1.2471660335768946,0.28336460760037924
11.0,11.0,15.0,6.0,1.5006867666600827,0.43577293193932887
11.0,11.0,16.0,6.0,1.4006581780966478,0.3341673823800291
11.0,11.0,17.0,6.0,1.4592956265648682,0.41883867367944555
11.0,11.0,18.0,6.0,1.3765133463744395,0.43577293193932887
11.0,11.0,19.0,6.0,1.340296098791127,0.38497015715967897
11.0,11.0,20.0,6.0,0.24860477877984746,-0.20772888193623618
11.0,11.0,21.0,6.0,-0.1532342063111922,-0.37707146453506907
11.0,11.0,22.0,6.0,-0.20842239310481137,-0.37707146453506907
11.0,11.0,23.0,6.0,-0.5774933922871396,-0.5294797888740187
11.0,12.0,0.0,6.0,-0.7361594293187947,-0.5972168219135519
11.0,12.0,1.0,6.0,-1.0948826434773196,-0.7834936627722681
11.0,12.0,2.0,6.0,-1.1362737835725338,-0.7834936627722681
11.0,12.0,3.0,6.0,-1.2225053254375637,-0.8173621792920346
11.0,12.0,4.0,6.0,-1.2932151897668884,-0.8173621792920346
11.0,12.0,5.0,6.0,-1.3139107598144957,-0.8173621792920346
11.0,12.0,6.0,6.0,-1.2069836479018585,-0.8173621792920346
11.0,12.0,7.0,6.0,-1.0448683491956021,-0.7157566297327349
11.0,12.0,8.0,6.0,-0.8154924478346224,-0.6480195966932017
11.0,12.0,9.0,6.0,-0.2981031966444425,-0.4448084975746022
11.0,12.0,10.0,6.0,0.29689444222426425,-0.20772888193623618
11.0,12.0,11.0,6.0,1.1195433516166502,0.1986933163009628
11.0,12.0,12.0,6.0,1.0229640247278167,0.16482479978119619
11.0,12.0,13.0,6.0,1.46446951907677,1.671973784910809
11.0,12.0,14.0,6.0,1.1626591225491651,0.23256183282072937
11.0,12.0,15.0,6.0,0.8867181885810692,0.08015350848177975
11.0,12.0,16.0,6.0,1.0160655013786142,0.11402202500154633
11.0,12.0,17.0,6.0,0.7608201374581255,0.08015350848177975
11.0,12.0,18.0,6.0,0.7021826889899051,0.04628499196201317
11.0,12.0,19.0,6.0,0.2210106853830379,-0.1738603654164696
11.0,12.0,20.0,6.0,-0.4481460794895947,-0.4786770140943688
11.0,12.0,21.0,6.0,-0.12908937458898379,-0.32626868975541923
11.0,12.0,22.0,6.0,-0.8879269430012475,-0.664953854953085
11.0,12.0,23.0,6.0,-1.084534858453516,-0.7496251462525014
11.0,13.0,0.0,1.0,-1.2983890822787902,-0.8173621792920346
11.0,13.0,1.0,1.0,-1.3070122364652932,-0.8173621792920346
11.0,13.0,2.0,1.0,-1.3432294840486059,-0.8173621792920346
11.0,13.0,3.0,1.0,-1.3604757924216118,-0.8173621792920346
11.0,13.0,4.0,1.0,-1.346678745723207,-0.8173621792920346
11.0,13.0,5.0,1.0,-1.231128479624067,-0.8173621792920346
11.0,13.0,6.0,1.0,-0.6154352707077528,-0.5633483053937853
11.0,13.0,7.0,1.0,0.10890968095849891,3.145254253520655
11.0,13.0,8.0,1.0,-0.03423467853745083,2.1122644996677744
11.0,13.0,9.0,1.0,-0.29292930413254076,3.5516764517578543
11.0,13.0,10.0,1.0,1.5093099208465857,0.9268664214759442
11.0,13.0,11.0,1.0,0.9194861744897806,0.11402202500154633
11.0,13.0,12.0,1.0,1.0264132864024178,0.1986933163009628
11.0,13.0,13.0,1.0,0.9005152352794741,0.1309562832614296
11.0,13.0,14.0,1.0,0.7297767823867147,0.029350733702129875
11.0,13.0,15.0,1.0,0.7039073198272057,0.029350733702129875
11.0,13.0,16.0,1.0,1.0833261040333375,0.1817590580410795
11.0,13.0,17.0,1.0,0.9470802678865903,0.5373784814986285
11.0,13.0,18.0,1.0,0.6849363806168991,3.6871505178369204
11.0,13.0,19.0,1.0,0.9505295295611914,1.0962090040747772
11.0,13.0,20.0,1.0,-0.016988370164444835,-0.29240017323565265
11.0,13.0,21.0,1.0,-0.45159534116419586,-0.4956112723542521
11.0,13.0,22.0,1.0,-0.774101307739408,-0.6480195966932017
11.0,13.0,23.0,1.0,-1.0052018399376883,-0.7157566297327349
11.0,14.0,0.0,2.0,-1.217331432925662,-0.8173621792920346
11.0,14.0,1.0,2.0,-1.3052876056279925,-0.8173621792920346
11.0,14.0,2.0,2.0,-1.3277078065129004,-0.8173621792920346
11.0,14.0,3.0,2.0,-1.3501280073978081,-0.8173621792920346
11.0,14.0,4.0,2.0,-1.3432294840486059,-0.8173621792920346
11.0,14.0,5.0,2.0,-1.225954587112165,-0.8004279210321513
11.0,14.0,6.0,2.0,-0.5567978222395324,-0.5294797888740187
11.0,14.0,7.0,2.0,0.32621316645837445,0.2664303493404959
11.0,14.0,8.0,2.0,-0.3601899067872641,1.9259876588090583
11.0,14.0,9.0,2.0,-0.4964357429340115,3.7210190343566873
11.0,14.0,10.0,2.0,1.5627734768029042,1.6211710101311592
11.0,14.0,11.0,2.0,0.9074137586286765,0.11402202500154633
11.0,14.0,12.0,2.0,1.1850793234340729,0.24949609108061266
11.0,14.0,13.0,2.0,1.2730354961364034,0.3172331241201458
11.0,14.0,14.0,2.0,0.8091098009025423,0.04628499196201317
11.0,14.0,15.0,2.0,0.8177329550890453,0.06321925022189646
11.0,14.0,16.0,2.0,1.3127020053943173,0.3511016406399124
11.0,14.0,17.0,2.0,0.8711965110453639,1.9767904335887083
11.0,14.0,18.0,2.0,0.5607629603312559,3.8564931004357534
11.0,14.0,19.0,2.0,1.1454128141761593,1.722776559690459
11.0,14.0,20.0,2.0,0.3658796757162882,-0.12305759063681973
11.0,14.0,21.0,2.0,-0.3584652759499635,-0.4448084975746022
11.0,14.0,22.0,2.0,-0.6723480883386727,-0.5633483053937853
11.0,14.0,23.0,2.0,-1.0121003632868908,-0.7157566297327349
11.0,15.0,0.0,3.0,-1.1673171386439447,-0.8004279210321513
11.0,15.0,1.0,3.0,-1.303562974790692,-0.8173621792920346
11.0,15.0,2.0,3.0,-1.3415048532113052,-0.8173621792920346
11.0,15.0,3.0,3.0,-1.3449541148859063,-0.8173621792920346
11.0,15.0,4.0,3.0,-1.3432294840486059,-0.8173621792920346
11.0,15.0,5.0,3.0,-1.2276792179494656,-0.8173621792920346
11.0,15.0,6.0,3.0,-0.5481746680530295,-0.546414047133902
11.0,15.0,7.0,3.0,0.49867625018843437,0.45270719019921213
11.0,15.0,8.0,3.0,-0.28258151910873713,2.146133016187541
11.0,15.0,9.0,3.0,-0.7534057376918007,3.6363477430572706
11.0,15.0,10.0,3.0,1.6817730045766455,0.9607349379957109
11.0,15.0,11.0,3.0,1.0195147630532153,0.16482479978119619
11.0,15.0,12.0,3.0,1.2230212018546862,0.28336460760037924
11.0,15.0,13.0,3.0,0.9746743612833998,0.16482479978119619
11.0,15.0,14.0,3.0,0.8056605392279411,0.08015350848177975
11.0,15.0,15.0,3.0,1.159209860874564,0.28336460760037924
11.0,15.0,16.0,3.0,1.228195094366588,0.28336460760037924
11.0,15.0,17.0,3.0,1.4058320706085496,0.41883867367944555
11.0,15.0,18.0,3.0,0.9160369128151794,3.534742193497971
11.0,15.0,19.0,3.0,1.0695290573349328,2.8912403796224058
11.0,15.0,20.0,3.0,0.5486905444701518,-0.07225481585716986
11.0,15.0,21.0,3.0,-0.36363916846186534,-0.46174275583448554
11.0,15.0,22.0,3.0,-0.670623457501372,-0.5802825636536686
11.0,15.0,23.0,3.0,-0.8879269430012475,-0.6818881132129683
11.0,16.0,0.0,4.0,-1.1793895545050488,-0.8004279210321513
11.0,16.0,1.0,4.0,-1.26907035804468,-0.8173621792920346
11.0,16.0,2.0,4.0,-1.3139107598144957,-0.8173621792920346
11.0,16.0,3.0,4.0,-1.329432437350201,-0.8173621792920346
11.0,16.0,4.0,4.0,-1.3346063298621027,-0.8173621792920346
11.0,16.0,5.0,4.0,-1.217331432925662,-0.7834936627722681
11.0,16.0,6.0,4.0,-0.6344062099180594,-0.5802825636536686
11.0,16.0,7.0,4.0,0.4883284651646308,0.4019044154195623
11.0,16.0,8.0,4.0,0.09511263426009413,2.2985413405264907
11.0,16.0,9.0,4.0,-0.72236238262039,3.7379532926165706
11.0,16.0,10.0,4.0,0.8884428194183699,1.4687626857922096
11.0,16.0,11.0,4.0,1.1229926132912513,0.24949609108061266
11.0,16.0,12.0,4.0,1.2678616036245016,2.027593208368358
11.0,16.0,13.0,4.0,1.1057463049182454,0.23256183282072937
11.0,16.0,14.0,4.0,1.6834976354139461,0.8218740202646678
11.0,16.0,15.0,4.0,1.2316443560411892,0.3172331241201458
11.0,16.0,16.0,4.0,1.3851365005609424,0.41883867367944555
11.0,16.0,17.0,4.0,0.8711965110453639,3.9750329082549363
11.0,16.0,18.0,4.0,0.5262703435852439,4.449192139531668
11.0,16.0,19.0,4.0,0.7366753057359171,3.5516764517578543
11.0,16.0,20.0,4.0,0.37622746074009183,-0.12305759063681973
11.0,16.0,21.0,4.0,-0.20497313143021018,-0.3601372062751858
11.0,16.0,22.0,4.0,-0.6895943967116785,-0.5972168219135519
11.0,16.0,23.0,4.0,-0.9413904989575661,-0.6988223714728516
11.0,17.0,0.0,5.0,-1.1483461994336381,-0.8173621792920346
11.0,17.0,1.0,5.0,-1.2587225730208764,-0.8173621792920346
11.0,17.0,2.0,5.0,-1.2932151897668884,-0.8173621792920346
11.0,17.0,3.0,5.0,-1.329432437350201,-0.8173621792920346
11.0,17.0,4.0,5.0,-1.338055591536704,-0.8173621792920346
11.0,17.0,5.0,5.0,-1.1207521060368284,-0.7665594045123848
11.0,17.0,6.0,5.0,-0.47746480372370487,-0.5125455306141354
11.0,17.0,7.0,5.0,1.0384857022635219,0.41883867367944555
11.0,17.0,8.0,5.0,-1.0517668725448044,3.2333123964720483
11.0,17.0,9.0,5.0,-0.756854999366402,3.0436487039613556
11.0,17.0,10.0,5.0,0.4762560493035266,0.6897868058375782
11.0,17.0,11.0,5.0,1.3713394538625376,0.3511016406399124
11.0,17.0,12.0,5.0,1.6265848177830264,0.5204442232387453
11.0,17.0,13.0,5.0,1.5093099208465857,0.4019044154195623
11.0,17.0,14.0,5.0,1.3972089164220467,0.4019044154195623
11.0,17.0,15.0,5.0,1.4592956265648682,0.46964144845909545
11.0,17.0,16.0,5.0,1.404107439771249,0.43577293193932887
11.0,17.0,17.0,5.0,0.9488048987238908,4.161309749113653
11.0,17.0,18.0,5.0,0.6452698713589853,3.4500709021985543
11.0,17.0,19.0,5.0,1.7766277006281788,1.3671571362329098
11.0,17.0,20.0,5.0,0.8263561092755483,0.09708776674166304
11.0,17.0,21.0,5.0,0.02440276993076955,-0.29240017323565265
11.0,17.0,22.0,5.0,-0.2946539349698413,-0.4448084975746022
11.0,17.0,23.0,5.0,-0.6602756724775684,-0.5633483053937853
11.0,18.0,0.0,6.0,-0.8603328496044379,-0.664953854953085
11.0,18.0,1.0,6.0,-0.9983033165884859,-0.7157566297327349
11.0,18.0,2.0,6.0,-1.217331432925662,-0.8004279210321513
11.0,18.0,3.0,6.0,-1.26907035804468,-0.8173621792920346
11.0,18.0,4.0,6.0,-1.3139107598144957,-0.8173621792920346
11.0,18.0,5.0,6.0,-1.2725196197192812,-0.8173621792920346
11.0,18.0,6.0,6.0,-1.053491503382105,-0.7496251462525014
11.0,18.0,7.0,6.0,-0.6309569482434583,-0.546414047133902
11.0,18.0,8.0,6.0,-0.1515095754738916,-0.32626868975541923
11.0,18.0,9.0,6.0,0.5107486660495386,0.029350733702129875
11.0,18.0,10.0,6.0,-0.21532091645401377,0.43577293193932887
11.0,18.0,11.0,6.0,1.1747315384102694,2.4340154066055573
11.0,18.0,12.0,6.0,1.055732010636528,0.16482479978119619
11.0,18.0,13.0,6.0,0.9315585903508848,0.6728525475776949
11.0,18.0,14.0,6.0,1.141963552501558,0.28336460760037924
11.0,18.0,15.0,6.0,1.1212679824539507,0.28336460760037924
11.0,18.0,16.0,6.0,1.4127305939577521,0.41883867367944555
11.0,18.0,17.0,6.0,1.0971231507317423,0.21562757456084608
11.0,18.0,18.0,6.0,1.585193677687812,0.503509964978862
11.0,18.0,19.0,6.0,1.697294682112351,0.5881812562782784
11.0,18.0,20.0,6.0,0.7608201374581255,0.08015350848177975
11.0,18.0,21.0,6.0,0.07096780253788573,-0.27546591497576933
11.0,18.0,22.0,6.0,-0.19807460808100777,-0.3940057227949524
11.0,18.0,23.0,6.0,-0.4653923878626007,-0.5125455306141354
11.0,19.0,0.0,6.0,-0.7516811068545002,-0.5802825636536686
11.0,19.0,1.0,6.0,-1.0172742557987924,-0.7157566297327349
11.0,19.0,2.0,6.0,-1.1500708302709386,-0.8173621792920346
11.0,19.0,3.0,6.0,-1.2207806946002633,-0.8173621792920346
11.0,19.0,4.0,6.0,-1.2897659280922873,-0.8173621792920346
11.0,19.0,5.0,6.0,-1.3259831756755998,-0.8173621792920346
11.0,19.0,6.0,6.0,-1.3001137131160907,-0.8173621792920346
11.0,19.0,7.0,6.0,-1.1259259985487302,-0.7834936627722681
11.0,19.0,8.0,6.0,-0.9017239896996523,-0.664953854953085
11.0,19.0,9.0,6.0,-0.4464214486522941,-0.5125455306141354
11.0,19.0,10.0,6.0,0.1658224985894187,-0.25853165671588607
11.0,19.0,11.0,6.0,0.8298053709501495,0.6389840310579283
11.0,19.0,12.0,6.0,1.0781522115214357,0.1817590580410795
11.0,19.0,13.0,6.0,1.1212679824539507,1.3502228779730265
11.0,19.0,14.0,6.0,1.6938454204377498,1.502631202311976
11.0,19.0,15.0,6.0,1.1229926132912513,0.21562757456084608
11.0,19.0,16.0,6.0,1.141963552501558,0.1986933163009628
11.0,19.0,17.0,6.0,0.6832117497795985,-0.004517782817636703
11.0,19.0,18.0,6.0,0.5141979277241397,-0.07225481585716986
11.0,19.0,19.0,6.0,0.5141979277241397,-0.07225481585716986
11.0,19.0,20.0,6.0,-0.3688130609737671,-0.4448084975746022
11.0,19.0,21.0,6.0,-0.5274790980054223,-0.5294797888740187
11.0,19.0,22.0,6.0,-0.7999707702989169,-0.6480195966932017
11.0,19.0,23.0,6.0,-1.0431437183583014,-0.7496251462525014
11.0,20.0,0.0,1.0,-1.2225053254375637,-0.8004279210321513
11.0,20.0,1.0,1.0,-1.2811427739057841,-0.8173621792920346
11.0,20.0,2.0,1.0,-1.3397802223740045,-0.8173621792920346
11.0,20.0,3.0,1.0,-1.3656496849335136,-0.8173621792920346
11.0,20.0,4.0,1.0,-1.35530189990971,-0.8173621792920346
11.0,20.0,5.0,1.0,-1.2449255263224717,-0.8173621792920346
11.0,20.0,6.0,1.0,-0.7016668125727827,-0.6141510801734351
11.0,20.0,7.0,1.0,0.8194575859263459,0.08015350848177975
11.0,20.0,8.0,1.0,0.3331116898075768,0.9607349379957109
11.0,20.0,9.0,1.0,0.7315014132240153,0.6897868058375782
11.0,20.0,10.0,1.0,1.516208444195788,0.41883867367944555
11.0,20.0,11.0,1.0,0.8798196652318668,0.11402202500154633
11.0,20.0,12.0,1.0,1.1402389216642574,0.23256183282072937
11.0,20.0,13.0,1.0,1.1971517392951772,0.28336460760037924
11.0,20.0,14.0,1.0,0.8901674502556705,0.1309562832614296
11.0,20.0,15.0,1.0,1.0177901322159149,0.1986933163009628
11.0,20.0,16.0,1.0,1.1902532159459747,0.28336460760037924
11.0,20.0,17.0,1.0,1.0367610714262214,0.1986933163009628
11.0,20.0,18.0,1.0,1.067804426497632,0.24949609108061266
11.0,20.0,19.0,1.0,1.3075281128824154,0.38497015715967897
11.0,20.0,20.0,1.0,0.21583679287113608,-0.20772888193623618
11.0,20.0,21.0,1.0,-0.5861165464736426,-0.5294797888740187
11.0,20.0,22.0,1.0,-0.7378840601560954,-0.5972168219135519
11.0,20.0,23.0,1.0,-1.0017525782630872,-0.7157566297327349
11.0,21.0,0.0,2.0,-1.1880127086915517,-0.8173621792920346
11.0,21.0,1.0,2.0,-1.3001137131160907,-0.8173621792920346
11.0,21.0,2.0,2.0,-1.3432294840486059,-0.8173621792920346
11.0,21.0,3.0,2.0,-1.3415048532113052,-0.8173621792920346
11.0,21.0,4.0,2.0,-1.3397802223740045,-0.8173621792920346
11.0,21.0,5.0,2.0,-1.2414762646478703,-0.8173621792920346
11.0,21.0,6.0,2.0,-0.6826958733624762,-0.5802825636536686
11.0,21.0,7.0,2.0,0.7556462449462237,0.06321925022189646
11.0,21.0,8.0,2.0,0.7246028898748129,0.6559182893178116
11.0,21.0,9.0,2.0,0.3900245074384966,0.7236553223573448
11.0,21.0,10.0,2.0,1.3799626080490406,0.3172331241201458
11.0,21.0,11.0,2.0,1.0367610714262214,0.1817590580410795
11.0,21.0,12.0,2.0,1.2333689868784896,0.28336460760037924
11.0,21.0,13.0,2.0,1.1005724124063436,0.1986933163009628
11.0,21.0,14.0,2.0,1.1057463049182454,0.21562757456084608
11.0,21.0,15.0,2.0,1.2074995243189808,0.28336460760037924
11.0,21.0,16.0,2.0,1.0747029498468346,0.21562757456084608
11.0,21.0,17.0,2.0,1.1436881833388586,1.1131432623346604
11.0,21.0,18.0,2.0,0.4590097409305206,2.535620956164857
11.0,21.0,19.0,2.0,0.8211822167636464,0.1817590580410795
11.0,21.0,20.0,2.0,0.35035799818058283,-0.12305759063681973
11.0,21.0,21.0,2.0,-0.4964357429340115,-0.5294797888740187
11.0,21.0,22.0,2.0,-0.6895943967116785,-0.6141510801734351
11.0,21.0,23.0,2.0,-0.9638106998424739,-0.6988223714728516
11.0,22.0,0.0,3.0,-1.1431723069217363,-0.7665594045123848
11.0,22.0,1.0,3.0,-1.2794181430684837,-0.8173621792920346
11.0,22.0,2.0,3.0,-1.3311570681875016,-0.8173621792920346
11.0,22.0,3.0,3.0,-1.3311570681875016,-0.8173621792920346
11.0,22.0,4.0,3.0,-1.3484033765605075,-0.8173621792920346
11.0,22.0,5.0,3.0,-1.2811427739057841,-0.8173621792920346
11.0,22.0,6.0,3.0,-0.7033914434100834,-0.5972168219135519
11.0,22.0,7.0,3.0,0.27447424133935644,-0.1907946236763529
11.0,22.0,8.0,3.0,1.1402389216642574,0.1817590580410795
11.0,22.0,9.0,3.0,1.1781808000848706,0.21562757456084608
11.0,22.0,10.0,3.0,0.8677472493707626,0.08015350848177975
11.0,22.0,11.0,3.0,0.728052151549414,0.029350733702129875
11.0,22.0,12.0,3.0,1.2299197252038885,0.24949609108061266
11.0,22.0,13.0,3.0,1.619686294433824,0.5204442232387453
11.0,22.0,14.0,3.0,1.3385714679538263,0.38497015715967897
11.0,22.0,15.0,3.0,1.404107439771249,0.38497015715967897
11.0,22.0,16.0,3.0,1.0453842256127244,0.1817590580410795
11.0,22.0,17.0,3.0,0.6918349039661015,-0.004517782817636703
11.0,22.0,18.0,3.0,0.2313584704068415,-0.22466314019611947
11.0,22.0,19.0,3.0,-0.05320561774775742,-0.3432029480153025
11.0,22.0,20.0,3.0,-0.1342632671008856,-0.3601372062751858
11.0,22.0,21.0,3.0,-0.32914655171585333,-0.4448084975746022
11.0,22.0,22.0,3.0,-0.6154352707077528,-0.5633483053937853
11.0,22.0,23.0,3.0,-0.8223909711838248,-0.6310853384333185
11.0,23.0,0.0,4.0,-1.0931580126400189,-0.7665594045123848
11.0,23.0,1.0,4.0,-1.1880127086915517,-0.8173621792920346
11.0,23.0,2.0,4.0,-1.2880412972549866,-0.8173621792920346
11.0,23.0,3.0,4.0,-1.3156353906517961,-0.8173621792920346
11.0,23.0,4.0,4.0,-1.324258544838299,-0.8173621792920346
11.0,23.0,5.0,4.0,-1.3449541148859063,-0.8173621792920346
11.0,23.0,6.0,4.0,-1.2914905589295878,-0.8173621792920346
11.0,23.0,7.0,4.0,-1.1552447227828404,-0.8004279210321513
11.0,23.0,8.0,4.0,-1.2759688813938823,-0.8004279210321513
11.0,23.0,9.0,4.0,-1.358751161584311,-0.8173621792920346
11.0,23.0,10.0,4.0,-0.4446968178149935,0.029350733702129875
11.0,23.0,11.0,4.0,-0.4377982944657911,0.4019044154195623
11.0,23.0,12.0,4.0,-1.3432294840486059,-0.8173621792920346
11.0,23.0,13.0,4.0,-0.6861451350370774,-0.5802825636536686
11.0,23.0,14.0,4.0,-0.4826386962356067,-0.5125455306141354
11.0,23.0,15.0,4.0,-0.6119860090331516,-0.5972168219135519
11.0,23.0,16.0,4.0,-0.46366775702530005,-0.4956112723542521
11.0,23.0,17.0,4.0,-0.6292323174061576,-0.5972168219135519
11.0,23.0,18.0,4.0,-0.5447254063784283,-0.5294797888740187
11.0,23.0,19.0,4.0,-0.6119860090331516,-0.5802825636536686
11.0,23.0,20.0,4.0,-0.6861451350370774,-0.5972168219135519
11.0,23.0,21.0,4.0,-0.7620288918783038,-0.6480195966932017
11.0,23.0,22.0,4.0,-0.7878983544378128,-0.6480195966932017
11.0,23.0,23.0,4.0,-0.9155210363980572,-0.664953854953085
11.0,24.0,0.0,5.0,-1.1517954611082393,-0.8004279210321513
11.0,24.0,1.0,5.0,-1.2190560637629626,-0.8173621792920346
11.0,24.0,2.0,5.0,-1.2932151897668884,-0.8173621792920346
11.0,24.0,3.0,5.0,-1.3518526382351088,-0.8173621792920346
11.0,24.0,4.0,5.0,-1.3708235774454154,-0.8173621792920346
11.0,24.0,5.0,5.0,-1.320809283163698,-0.8173621792920346
11.0,24.0,6.0,5.0,-1.260447203858177,-0.8173621792920346
11.0,24.0,7.0,5.0,-1.0345205641717985,-0.7496251462525014
11.0,24.0,8.0,5.0,-0.7689274152275062,-0.6310853384333185
11.0,24.0,9.0,5.0,-0.48436332707290725,-0.4956112723542521
11.0,24.0,10.0,5.0,-0.1722051455214988,-0.3940057227949524
11.0,24.0,11.0,5.0,0.06234464835138274,-0.27546591497576933
11.0,24.0,12.0,5.0,0.48142994181542836,-0.10612333237693644
11.0,24.0,13.0,5.0,0.6228496704740776,-0.021452041077519992
11.0,24.0,14.0,5.0,0.6745885955930955,-0.004517782817636703
11.0,24.0,15.0,5.0,0.7694432916446284,0.04628499196201317
11.0,24.0,16.0,5.0,0.8349792634620513,0.08015350848177975
11.0,24.0,17.0,5.0,0.7780664458311315,0.06321925022189646
11.0,24.0,18.0,5.0,0.9125876511405783,0.1309562832614296
11.0,24.0,19.0,5.0,0.5486905444701518,-0.038386299337403285
11.0,24.0,20.0,5.0,-0.023886893513647235,-0.32626868975541923
11.0,24.0,21.0,5.0,-0.29637856580714195,-0.41093998105483565
11.0,24.0,22.0,5.0,-0.48608795791020787,-0.5125455306141354
11.0,24.0,23.0,5.0,-0.7654781535529049,-0.6141510801734351
11.0,25.0,0.0,6.0,-0.8741298963028428,-0.664953854953085
11.0,25.0,1.0,6.0,-1.0310713024971974,-0.7496251462525014
11.0,25.0,2.0,6.0,-1.1707664003185458,-0.8004279210321513
11.0,25.0,3.0,6.0,-1.2363023721359685,-0.8173621792920346
11.0,25.0,4.0,6.0,-1.3397802223740045,-0.8173621792920346
11.0,25.0,5.0,6.0,-1.324258544838299,-0.8173621792920346
11.0,25.0,6.0,6.0,-1.2018097553899567,-0.8004279210321513
11.0,25.0,7.0,6.0,-0.9983033165884859,-0.7665594045123848
11.0,25.0,8.0,6.0,-0.9241441905845601,-0.6988223714728516
11.0,25.0,9.0,6.0,-0.46021849535069886,-0.5125455306141354
11.0,25.0,10.0,6.0,0.012330354069665353,-0.32626868975541923
11.0,25.0,11.0,6.0,0.5366181286090476,-0.055320557597286574
11.0,25.0,12.0,6.0,0.7039073198272057,0.012416475442246586
11.0,25.0,13.0,6.0,0.9194861744897806,0.1309562832614296
11.0,25.0,14.0,6.0,0.969500468771498,0.1817590580410795
11.0,25.0,15.0,6.0,1.047108856450025,0.1817590580410795
11.0,25.0,16.0,6.0,0.664240810569292,-0.004517782817636703
11.0,25.0,17.0,6.0,0.7090812123391075,0.012416475442246586
11.0,25.0,18.0,6.0,0.9763989921207004,0.16482479978119619
11.0,25.0,19.0,6.0,1.0591812723111291,0.21562757456084608
11.0,25.0,20.0,6.0,0.2227353162203385,-0.1907946236763529
11.0,25.0,21.0,6.0,-0.1101184353786772,-0.3601372062751858
11.0,25.0,22.0,6.0,-0.48091406539830606,-0.4956112723542521
11.0,25.0,23.0,6.0,-0.6516525182910654,-0.5972168219135519
11.0,26.0,0.0,6.0,-0.9448397606321673,-0.6988223714728516
11.0,26.0,1.0,6.0,-1.1069550593384236,-0.8004279210321513
11.0,26.0,2.0,6.0,-1.18283881617965,-0.8173621792920346
11.0,26.0,3.0,6.0,-1.2380270029732692,-0.8173621792920346
11.0,26.0,4.0,6.0,-1.2914905589295878,-0.8173621792920346
11.0,26.0,5.0,6.0,-1.312186128977195,-0.8173621792920346
11.0,26.0,6.0,6.0,-1.2845920355803855,-0.8173621792920346
11.0,26.0,7.0,6.0,-1.1207521060368284,-0.8004279210321513
11.0,26.0,8.0,6.0,-0.9551875456559709,-0.7157566297327349
11.0,26.0,9.0,6.0,-0.5274790980054223,-0.546414047133902
11.0,26.0,10.0,6.0,-0.035959309374751426,-0.3093344314955359
11.0,26.0,11.0,6.0,0.4417634325575146,-0.13999184889670302
11.0,26.0,12.0,6.0,0.6211250396367769,-0.055320557597286574
11.0,26.0,13.0,6.0,0.995369931331007,0.1986933163009628
11.0,26.0,14.0,6.0,0.8625733568588608,0.08015350848177975
11.0,26.0,15.0,6.0,0.6607915488946907,-0.038386299337403285
11.0,26.0,16.0,6.0,0.6383713480097829,0.012416475442246586
11.0,26.0,17.0,6.0,0.388299876601196,-0.12305759063681973
11.0,26.0,18.0,6.0,0.4624590026051218,-0.055320557597286574
11.0,26.0,19.0,6.0,0.03647518579187375,-0.29240017323565265
11.0,26.0,20.0,6.0,-0.43952292530309167,-0.5125455306141354
11.0,26.0,21.0,6.0,-0.687869765874378,-0.5972168219135519
11.0,26.0,22.0,6.0,-0.9551875456559709,-0.6818881132129683
11.0,26.0,23.0,6.0,-1.1535200919455397,-0.8004279210321513
11.0,27.0,0.0,1.0,-1.2828674047430848,-0.8173621792920346
11.0,27.0,1.0,1.0,-1.3156353906517961,-0.8173621792920346
11.0,27.0,2.0,1.0,-1.3501280073978081,-0.8173621792920346
11.0,27.0,3.0,1.0,-1.3604757924216118,-0.8173621792920346
11.0,27.0,4.0,1.0,-1.346678745723207,-0.8173621792920346
11.0,27.0,5.0,1.0,-1.0897087509654177,-0.7665594045123848
11.0,27.0,6.0,1.0,-0.4067549393943803,-0.4786770140943688
11.0,27.0,7.0,1.0,1.0747029498468346,0.503509964978862
11.0,27.0,8.0,1.0,-0.3394943367396569,2.5694894726846234
11.0,27.0,9.0,1.0,0.7211536282002117,2.5864237309445066
11.0,27.0,10.0,1.0,1.0143408705413135,0.16482479978119619
11.0,27.0,11.0,1.0,0.5590383294939554,-0.055320557597286574
11.0,27.0,12.0,1.0,0.7677186608073279,0.04628499196201317
11.0,27.0,13.0,1.0,0.7608201374581255,0.012416475442246586
11.0,27.0,14.0,1.0,0.5366181286090476,-0.07225481585716986
11.0,27.0,15.0,1.0,0.7004580581526045,0.029350733702129875
11.0,27.0,16.0,1.0,1.0419349639381232,0.1986933163009628
11.0,27.0,17.0,1.0,2.2526258117231444,0.5825365035249841
11.0,27.0,18.0,1.0,3.808242826968285,0.8929979049561777
11.0,27.0,19.0,1.0,2.9493766699925863,0.09708776674166304
11.0,27.0,20.0,1.0,0.9660512070968968,-0.42787423931471896
11.0,27.0,21.0,1.0,0.2037643770100319,-0.5633483053937853
11.0,27.0,22.0,1.0,-0.3895086310213743,-0.6818881132129683
11.0,27.0,23.0,1.0,-0.7861737236005122,-0.7834936627722681
